           1  0.284579813    
           2  0.263006926    
           3  0.245936424    
           4  0.231496736    
           5  0.218865454    
           6  0.207568049    
           7  0.197374567    
           8  0.188055128    
           9  0.179450497    
          10  0.171455428    
          11  0.163987592    
          12  0.156983390    
          13  0.150390580    
          14  0.144166246    
          15  0.138275787    
          16  0.132688746    
          17  0.127379745    
          18  0.122327186    
          19  0.117511667    
          20  0.112916298    
          21  0.108526379    
          22  0.104328722    
          23  0.100311652    
          24   9.64644477E-02
          25   9.27772596E-02
          26   8.92414376E-02
          27   8.58490542E-02
          28   8.25927779E-02
          29   7.94656575E-02
          30   7.64615983E-02
          31   7.35744685E-02
          32   7.07992539E-02
          33   6.81306571E-02
          34   6.55637980E-02
          35   6.30946010E-02
          36   6.07185885E-02
          37   5.84320463E-02
          38   5.62309884E-02
          39   5.41123934E-02
          40   5.20725101E-02
          41   5.01082502E-02
          42   4.82167527E-02
          43   4.63952012E-02
          44   4.46408466E-02
          45   4.29510996E-02
          46   4.13234904E-02
          47   3.97557952E-02
          48   3.82457450E-02
          49   3.67911942E-02
          50   3.53900306E-02
          51   3.40403691E-02
          52   3.27403359E-02
          53   3.14882584E-02
          54   3.02822478E-02
          55   2.91207340E-02
          56   2.80021504E-02
          57   2.69249361E-02
          58   2.58875899E-02
          59   2.48887818E-02
          60   2.39271764E-02
          61   2.30012760E-02
          62   2.21100543E-02
          63   2.12521907E-02
          64   2.04263870E-02
          65   1.96316931E-02
          66   1.88669022E-02
          67   1.81310028E-02
          68   1.74229015E-02
          69   1.67416483E-02
          70   1.60862785E-02
          71   1.54558318E-02
          72   1.48494290E-02
          73   1.42662143E-02
          74   1.37053365E-02
          75   1.31659582E-02
          76   1.26473028E-02
          77   1.21486261E-02
          78   1.16692213E-02
          79   1.12083247E-02
          80   1.07652266E-02
          81   1.03393430E-02
          82   9.92996525E-03
          83   9.53655504E-03
          84   9.15842596E-03
          85   8.79503321E-03
          86   8.44584685E-03
          87   8.11032392E-03
          88   7.78793171E-03
          89   7.47818686E-03
          90   7.18057295E-03
          91   6.89466717E-03
          92   6.62000384E-03
          93   6.35615038E-03
          94   6.10269839E-03
          95   5.85924881E-03
          96   5.62541466E-03
          97   5.40080713E-03
          98   5.18508255E-03
          99   4.97789960E-03
         100   4.77892766E-03
         101   4.58783982E-03
         102   4.40433854E-03
         103   4.22811601E-03
         104   4.05889843E-03
         105   3.89639987E-03
         106   3.74036795E-03
         107   3.59054678E-03
         108   3.44668305E-03
         109   3.30855371E-03
         110   3.17593105E-03
         111   3.04859155E-03
         112   2.92633474E-03
         113   2.80895783E-03
         114   2.69627431E-03
         115   2.58808117E-03
         116   2.48421286E-03
         117   2.38450221E-03
         118   2.28876760E-03
         119   2.19687400E-03
         120   2.10865075E-03
         121   2.02396070E-03
         122   1.94265752E-03
         123   1.86461431E-03
         124   1.78969756E-03
         125   1.71778130E-03
         126   1.64874492E-03
         127   1.58247538E-03
         128   1.51886104E-03
         129   1.45780423E-03
         130   1.39919040E-03
         131   1.34293234E-03
         132   1.28893240E-03
         133   1.23709929E-03
         134   1.18734443E-03
         135   1.13958400E-03
         136   1.09374931E-03
         137   1.04975177E-03
         138   1.00752211E-03
         139   9.66984604E-04
         140   9.28080000E-04
         141   8.90740543E-04
         142   8.54899117E-04
         143   8.20499205E-04
         144   7.87476834E-04
         145   7.55788351E-04
         146   7.25370250E-04
         147   6.96176081E-04
         148   6.68156950E-04
         149   6.41263556E-04
         150   6.15450728E-04
         151   5.90678304E-04
         152   5.66899951E-04
         153   5.44077833E-04
         154   5.22174931E-04
         155   5.01155504E-04
         156   4.80980641E-04
         157   4.61615768E-04
         158   4.43029916E-04
         159   4.25191101E-04
         160   4.08068532E-04
         161   3.91636655E-04
         162   3.75870091E-04
         163   3.60737700E-04
         164   3.46212910E-04
         165   3.32271797E-04
         166   3.18892533E-04
         167   3.06052010E-04
         168   2.93726829E-04
         169   2.81900575E-04
         170   2.70550488E-04
         171   2.59654975E-04
         172   2.49197794E-04
         173   2.39162197E-04
         174   2.29533820E-04
         175   2.20290138E-04
         176   2.11419727E-04
         177   2.02908574E-04
         178   1.94735330E-04
         179   1.86895748E-04
         180   1.79369526E-04
         181   1.72145097E-04
         182   1.65212419E-04
         183   1.58558396E-04
         184   1.52173117E-04
         185   1.46045801E-04
         186   1.40164499E-04
         187   1.34519229E-04
         188   1.29103748E-04
         189   1.23903388E-04
         190   1.18912125E-04
         191   1.14124246E-04
         192   1.09528613E-04
         193   1.05118561E-04
         194   1.00888232E-04
         195   9.68254899E-05
         196   9.29269227E-05
         197   8.91855525E-05
         198   8.55959952E-05
         199   8.21489739E-05
         200   7.88420293E-05
         201   7.56669397E-05
         202   7.26204307E-05
         203   6.96987918E-05
         204   6.68918146E-05
         205   6.41985462E-05
         206   6.16142133E-05
         207   5.91338830E-05
         208   5.67537136E-05
         209   5.44694412E-05
         210   5.22775299E-05
         211   5.01758550E-05
         212   4.81540555E-05
         213   4.62171374E-05
         214   4.43569479E-05
         215   4.25726612E-05
         216   4.08588712E-05
         217   3.92132351E-05
         218   3.76366042E-05
         219   3.61228267E-05
         220   3.46675770E-05
         221   3.32714772E-05
         222   3.19326900E-05
         223   3.06465263E-05
         224   2.94137753E-05
         225   2.82324345E-05
         226   2.70970795E-05
         227   2.60067372E-05
         228   2.49598961E-05
         229   2.39549554E-05
         230   2.29892139E-05
         231   2.20655947E-05
         232   2.11792230E-05
         233   2.03281597E-05
         234   1.95105968E-05
         235   1.87268433E-05
         236   1.79727322E-05
         237   1.72521104E-05
         238   1.65575439E-05
         239   1.58923958E-05
         240   1.52548482E-05
         241   1.46427983E-05
         242   1.40553575E-05
         243   1.34906677E-05
         244   1.29491627E-05
         245   1.24296230E-05
         246   1.19298684E-05
         247   1.14517843E-05
         248   1.09916227E-05
         249   1.05500621E-05
         250   1.01275446E-05
         251   9.72178441E-06
         252   9.33232695E-06
         253   8.95913854E-06
         254   8.59932788E-06
         255   8.25555981E-06
         256   7.92467927E-06
         257   7.60838293E-06
         258   7.30472311E-06
         259   7.01122281E-06
         260   6.72906344E-06
         261   6.45700311E-06
         262   6.20041646E-06
         263   5.95166375E-06
         264   5.71268765E-06
         265   5.48336402E-06
         266   5.26687290E-06
         267   5.05745174E-06
         268   4.85442160E-06
         269   4.66084566E-06
         270   4.47375533E-06
         271   4.29615829E-06
         272   4.12563259E-06
         273   3.95970574E-06
         274   3.80225060E-06
         275   3.65218921E-06
         276   3.50602750E-06
         277   3.36871631E-06
         278   3.23345739E-06
         279   3.10401265E-06
         280   2.98032046E-06
         281   2.86685054E-06
         282   2.75236835E-06
         283   2.64553910E-06
         284   2.54212387E-06
         285   2.44341209E-06
         286   2.34239883E-06
         287   2.25105964E-06
         288   2.16482204E-06
         289   2.07909966E-06
         290   1.99955093E-06
         291   1.92108632E-06
         292   1.84540295E-06
         293   1.77417633E-06
         294   1.70495071E-06
         295   1.63871925E-06
         296   1.57506145E-06
         297   1.51505355E-06
         298   1.45698107E-06
         299   1.40002851E-06
         300   1.34775860E-06
         301   1.29564148E-06
         302   1.24485996E-06
         303   1.19965671E-06
         304   1.15335411E-06
         305   1.10929932E-06
         306   1.06672258E-06
         307   1.02769434E-06
         308   9.87605858E-07
         309   9.53242136E-07
         310   9.18376031E-07
         311   8.85258373E-07
         312   8.50522554E-07
         313   8.17384432E-07
         314   7.88187947E-07
         315   7.59709621E-07
         316   7.31871125E-07
         317   7.07307549E-07
         318   6.82373411E-07
         319   6.59958118E-07
         320   6.40972871E-07
         321   6.21045615E-07
         322   6.02602199E-07
         323   5.87017439E-07
         324   5.69515294E-07
         325   5.55065867E-07
         326   5.42880741E-07
         327   5.29664362E-07
         328   5.15774445E-07
         329   4.98831525E-07
         330   4.83599763E-07
         331   4.72012886E-07
         332   4.60467390E-07
         333   4.47417477E-07
         334   4.34884186E-07
         335   4.21985931E-07
         336   4.11601405E-07
         337   4.02060664E-07
         338   3.94199390E-07
         339   3.86914650E-07
         340   3.79627551E-07
         341   3.73164227E-07
         342   3.67890664E-07
         343   3.61911930E-07
         344   3.57311592E-07
         345   3.52324889E-07
         346   3.47584347E-07
         347   3.40968768E-07
         348   3.38426474E-07
         349   3.37375837E-07
         350   3.33679708E-07
         351   3.30282859E-07
         352   3.29351224E-07
         353   3.28320709E-07
         354   3.26307998E-07
         355   3.24715387E-07
         356   3.23769939E-07
         357   3.22522794E-07
         358   3.21814554E-07
         359   3.21358726E-07
         360   3.21285967E-07
         361   3.20912505E-07
         362   3.20526738E-07
         363   3.20217623E-07
         364   3.19556307E-07
         365   3.19324869E-07
         366   3.18943620E-07
         367   3.19066828E-07
         368   3.18504277E-07
         369   3.18993983E-07
         370   3.18688649E-07
         371   3.18213949E-07
         372   3.18371178E-07
         373   3.18787585E-07
         374   3.18419779E-07
         375   3.18448741E-07
         376   3.18218724E-07
         377   3.18047626E-07
         378   3.18635244E-07
         379   3.18143179E-07
         380   3.17832956E-07
         381   3.17983876E-07
         382   3.18165377E-07
         383   3.18644481E-07
         384   3.18538298E-07
         385   3.18534063E-07
         386   3.18149432E-07
         387   3.18468295E-07
         388   3.18224181E-07
         389   3.18178024E-07
         390   3.17938600E-07
         391   3.17963298E-07
         392   3.17810873E-07
         393   3.18371491E-07
         394   3.18384991E-07
         395   3.17870274E-07
         396   3.18280030E-07
         397   3.18358445E-07
         398   3.18001923E-07
         399   3.17936639E-07
         400   3.18075848E-07
         401   3.18019289E-07
         402   3.18077696E-07
         403   3.18218156E-07
         404   3.17867489E-07
         405   3.18568425E-07
         406   3.18440641E-07
         407   3.18490237E-07
         408   3.18396218E-07
         409   3.18378056E-07
         410   3.18011985E-07
         411   3.17604872E-07
         412   3.17512104E-07
         413   3.17871127E-07
         414   3.18686432E-07
         415   3.18623762E-07
         416   3.18506466E-07
         417   3.18625865E-07
         418   3.18724716E-07
         419   3.18233276E-07
         420   3.17931182E-07
         421   3.17815108E-07
         422   3.17513098E-07
         423   3.18423758E-07
         424   3.18486798E-07
         425   3.18302796E-07
         426   3.18389738E-07
         427   3.18067350E-07
         428   3.17887441E-07
         429   3.17719980E-07
         430   3.17748345E-07
         431   3.17900799E-07
         432   3.18428420E-07
         433   3.18707151E-07
         434   3.18239955E-07
         435   3.17754029E-07
         436   3.17775516E-07
         437   3.17600865E-07
         438   3.17654553E-07
         439   3.17733992E-07
         440   3.17711994E-07
         441   3.18492170E-07
         442   3.18500923E-07
         443   3.18490720E-07
         444   3.18320190E-07
         445   3.18036143E-07
         446   3.17832757E-07
         447   3.18009313E-07
         448   3.18093242E-07
         449   3.17935047E-07
         450   3.18628423E-07
         451   3.18141105E-07
         452   3.17918790E-07
         453   3.18394001E-07
         454   3.18462838E-07
         455   3.18607363E-07
         456   3.18514168E-07
         457   3.18408723E-07
         458   3.18144089E-07
         459   3.18082499E-07
         460   3.17929363E-07
         461   3.17767842E-07
         462   3.17945876E-07
         463   3.18653264E-07
         464   3.18394427E-07
         465   3.18290461E-07
         466   3.18549382E-07
         467   3.18192377E-07
         468   3.18553305E-07
         469   3.18288727E-07
         470   3.17940192E-07
         471   3.17930756E-07
         472   3.18022217E-07
         473   3.18509649E-07
         474   3.18609636E-07
         475   3.18200421E-07
         476   3.17865556E-07
         477   3.18408269E-07
         478   3.18437714E-07
         479   3.18515561E-07
         480   3.18540117E-07
         481   3.18419069E-07
         482   3.18040321E-07
         483   3.18006329E-07
         484   3.18118765E-07
         485   3.17862032E-07
         486   3.18843234E-07
         487   3.18644595E-07
         488   3.18546796E-07
         489   3.18373282E-07
         490   3.18570784E-07
         491   3.18048365E-07
         492   3.17904494E-07
         493   3.18237710E-07
         494   3.17998484E-07
         495   3.18577349E-07
         496   3.18560353E-07
         497   3.18273294E-07
         498   3.18412560E-07
         499   3.17998484E-07
         500   3.17904977E-07
         501   3.17889885E-07
         502   3.18132379E-07
         503   3.18532642E-07
         504   3.19021325E-07
         505   3.18798129E-07
         506   3.18656106E-07
         507   3.18194168E-07
         508   3.18117088E-07
         509   3.17849810E-07
         510   3.18211193E-07
         511   3.18085341E-07
         512   3.17900998E-07
         513   3.18878477E-07
         514   3.19025588E-07
         515   3.18430097E-07
         516   3.18359440E-07
         517   3.18232509E-07
         518   3.18146277E-07
         519   3.17989617E-07
         520   3.17910548E-07
         521   3.17775687E-07
         522   3.18478982E-07
         523   3.18603696E-07
         524   3.18393177E-07
         525   3.18329114E-07
         526   3.18668697E-07
         527   3.18631493E-07
         528   3.18381780E-07
         529   3.18316609E-07
         530   3.18197038E-07
         531   3.18248453E-07
         532   3.18087842E-07
         533   3.18224892E-07
         534   3.18403949E-07
         535   3.18360463E-07
         536   3.18529544E-07
         537   3.18341932E-07
         538   3.18665400E-07
         539   3.17969011E-07
         540   3.18456756E-07
         541   3.18266927E-07
         542   3.18257776E-07
         543   3.18612905E-07
         544   3.18602019E-07
         545   3.18311805E-07
         546   3.18493449E-07
         547   3.18040293E-07
         548   3.18002520E-07
         549   3.18389425E-07
         550   3.18560836E-07
         551   3.18400936E-07
         552   3.18393120E-07
         553   3.18745350E-07
         554   3.18476197E-07
         555   3.18054532E-07
         556   3.18126297E-07
         557   3.17851232E-07
         558   3.18636381E-07
         559   3.18569562E-07
         560   3.18561916E-07
         561   3.18456188E-07
         562   3.18421911E-07
         563   3.18411139E-07
         564   3.18395195E-07
         565   3.18301005E-07
         566   3.18309475E-07
         567   3.18610290E-07
         568   3.18419382E-07
         569   3.18324965E-07
         570   3.18504021E-07
         571   3.17975349E-07
         572   3.17861037E-07
         573   3.18254763E-07
         574   3.18360208E-07
         575   3.18459456E-07
         576   3.18993273E-07
         577   3.18653122E-07
         578   3.18732191E-07
         579   3.18077497E-07
         580   3.17932546E-07
         581   3.17706679E-07
         582   3.17982028E-07
         583   3.18385361E-07
         584   3.18410059E-07
         585   3.18934610E-07
         586   3.18901243E-07
         587   3.18403664E-07
         588   3.18208379E-07
         589   3.18031169E-07
         590   3.17933456E-07
         591   3.17728620E-07
         592   3.17896109E-07
         593   3.18226569E-07
         594   3.18881177E-07
         595   3.18380188E-07
         596   3.18485121E-07
         597   3.18259083E-07
         598   3.18197721E-07
         599   3.18424185E-07
         600   3.18203917E-07
         601   3.17993141E-07
         602   3.17872662E-07
         603   3.18439220E-07
         604   3.18295093E-07
         605   3.18254763E-07
         606   3.18369473E-07
         607   3.18130475E-07
         608   3.18353813E-07
         609   3.18443938E-07
         610   3.18470086E-07
         611   3.17917824E-07
         612   3.18379506E-07
         613   3.18546341E-07
         614   3.18225773E-07
         615   3.18147954E-07
         616   3.18453289E-07
         617   3.18415232E-07
         618   3.18443483E-07
         619   3.17961764E-07
         620   3.17713557E-07
         621   3.18093328E-07
         622   3.18203348E-07
         623   3.18695413E-07
         624   3.18828597E-07
         625   3.18682851E-07
         626   3.18476452E-07
         627   3.17951759E-07
         628   3.18070647E-07
         629   3.17759458E-07
         630   3.18298419E-07
         631   3.18306235E-07
         632   3.18439589E-07
         633   3.18763909E-07
         634   3.18968006E-07
         635   3.18291939E-07
         636   3.18324624E-07
         637   3.18034182E-07
         638   3.17900771E-07
         639   3.18367853E-07
         640   3.18403522E-07
         641   3.18281081E-07
         642   3.18246521E-07
         643   3.18314989E-07
         644   3.18331530E-07
         645   3.18293331E-07
         646   3.18442801E-07
         647   3.18418017E-07
         648   3.18875465E-07
         649   3.18529800E-07
         650   3.18555465E-07
         651   3.17897786E-07
         652   3.17952441E-07
         653   3.18110381E-07
         654   3.18364528E-07
         655   3.18377005E-07
         656   3.18404943E-07
         657   3.18763398E-07
         658   3.18918410E-07
         659   3.18400566E-07
         660   3.18115752E-07
         661   3.18096170E-07
         662   3.18056379E-07
         663   3.18321696E-07
         664   3.18262778E-07
         665   3.18196243E-07
         666   3.18918268E-07
         667   3.18341506E-07
         668   3.18352733E-07
         669   3.18059250E-07
         670   3.18271731E-07
         671   3.18254536E-07
         672   3.18259168E-07
         673   3.18558648E-07
         674   3.18567913E-07
         675   3.18462384E-07
         676   3.18272413E-07
         677   3.18186210E-07
         678   3.18289096E-07
         679   3.18213125E-07
         680   3.18424156E-07
         681   3.18236800E-07
         682   3.18344377E-07
         683   3.18264000E-07
         684   3.18833514E-07
         685   3.18465510E-07
         686   3.18398719E-07
         687   3.18210908E-07
         688   3.18311834E-07
         689   3.18125842E-07
         690   3.18259083E-07
         691   3.17829517E-07
         692   3.17685789E-07
         693   3.18805064E-07
         694   3.18787045E-07
         695   3.18737420E-07
         696   3.18762318E-07
         697   3.18695896E-07
         698   3.18583290E-07
         699   3.17970574E-07
         700   3.17882467E-07
         701   3.17539161E-07
         702   3.18167736E-07
         703   3.18743531E-07
         704   3.18760272E-07
         705   3.18740319E-07
         706   3.18722840E-07
         707   3.18346139E-07
         708   3.18087672E-07
         709   3.18048166E-07
         710   3.17890397E-07
         711   3.18343524E-07
         712   3.18341733E-07
         713   3.18741058E-07
         714   3.18851619E-07
         715   3.18237653E-07
         716   3.18351226E-07
         717   3.18135022E-07
         718   3.18184590E-07
         719   3.18239159E-07
         720   3.18780536E-07
         721   3.18513713E-07
         722   3.18355404E-07
         723   3.18294866E-07
         724   3.18235067E-07
         725   3.18013832E-07
         726   3.18399202E-07
         727   3.18368194E-07
         728   3.18369842E-07
         729   3.18885213E-07
         730   3.18877909E-07
         731   3.18356967E-07
         732   3.18302881E-07
         733   3.18417506E-07
         734   3.18229723E-07
         735   3.18097676E-07
         736   3.18256014E-07
         737   3.18144515E-07
         738   3.18796054E-07
         739   3.18356967E-07
         740   3.18173193E-07
         741   3.18302455E-07
         742   3.18157049E-07
         743   3.18787244E-07
         744   3.18639707E-07
         745   3.18467755E-07
         746   3.18299215E-07
         747   3.18454852E-07
         748   3.18271844E-07
         749   3.18127348E-07
         750   3.18167679E-07
         751   3.18162961E-07
         752   3.18096255E-07
         753   3.18578969E-07
         754   3.18722925E-07
         755   3.18284236E-07
         756   3.18643202E-07
         757   3.18398634E-07
         758   3.18181947E-07
         759   3.18216365E-07
         760   3.18132351E-07
         761   3.18140451E-07
         762   3.18226512E-07
         763   3.18228416E-07
         764   3.17975605E-07
         765   3.18656589E-07
         766   3.18604975E-07
         767   3.18678303E-07
         768   3.18622199E-07
         769   3.18426828E-07
         770   3.18393830E-07
         771   3.17976799E-07
         772   3.17772816E-07
         773   3.18071415E-07
         774   3.18733044E-07
         775   3.18521984E-07
         776   3.18551201E-07
         777   3.18652496E-07
         778   3.18679270E-07
         779   3.18302796E-07
         780   3.18064139E-07
         781   3.17748857E-07
         782   3.17655633E-07
         783   3.18703115E-07
         784   3.18566180E-07
         785   3.18568226E-07
         786   3.18629844E-07
         787   3.18162847E-07
         788   3.17985297E-07
         789   3.18173790E-07
         790   3.18031681E-07
         791   3.18157305E-07
         792   3.18722158E-07
         793   3.18875948E-07
         794   3.18759959E-07
         795   3.18428278E-07
         796   3.18203433E-07
         797   3.17827784E-07
         798   3.18018806E-07
         799   3.18082414E-07
         800   3.18152019E-07
         801   3.18680065E-07
         802   3.18530653E-07
         803   3.18516811E-07
         804   3.18435269E-07
         805   3.18332013E-07
         806   3.18237880E-07
         807   3.18100064E-07
         808   3.18082613E-07
         809   3.18155628E-07
         810   3.18735175E-07
         811   3.18066952E-07
         812   3.18042510E-07
         813   3.18409917E-07
         814   3.18450077E-07
         815   3.18576042E-07
         816   3.18440840E-07
         817   3.18267126E-07
         818   3.18248198E-07
         819   3.18380160E-07
         820   3.18124989E-07
         821   3.18009199E-07
         822   3.18044016E-07
         823   3.18590139E-07
         824   3.18749812E-07
         825   3.18754900E-07
         826   3.18693424E-07
         827   3.18049928E-07
         828   3.18594857E-07
         829   3.18186380E-07
         830   3.18074541E-07
         831   3.18026537E-07
         832   3.18086791E-07
         833   3.18432967E-07
         834   3.18608244E-07
         835   3.18131868E-07
         836   3.17932631E-07
         837   3.18583460E-07
         838   3.18596278E-07
         839   3.18759533E-07
         840   3.18722073E-07
         841   3.18562456E-07
         842   3.18331843E-07
         843   3.18270196E-07
         844   3.18031283E-07
         845   3.17820167E-07
         846   3.18741968E-07
         847   3.18510558E-07
         848   3.18617680E-07
         849   3.18470455E-07
         850   3.18516527E-07
         851   3.18176859E-07
         852   3.18020881E-07
         853   3.18327437E-07
         854   3.18071898E-07
         855   3.18590082E-07
         856   3.18475031E-07
         857   3.18477163E-07
         858   3.18494756E-07
         859   3.18094806E-07
         860   3.18043675E-07
         861   3.17955198E-07
         862   3.17995386E-07
         863   3.18447064E-07
         864   3.19106192E-07
         865   3.18942000E-07
         866   3.18662416E-07
         867   3.17999962E-07
         868   3.18073717E-07
         869   3.18024632E-07
         870   3.18164979E-07
         871   3.18224153E-07
         872   3.18126268E-07
         873   3.19034143E-07
         874   3.19039458E-07
         875   3.18490549E-07
         876   3.18208492E-07
         877   3.18284123E-07
         878   3.18051036E-07
         879   3.17990867E-07
         880   3.18150512E-07
         881   3.17793734E-07
         882   3.18482478E-07
         883   3.18471763E-07
         884   3.18315813E-07
         885   3.18234328E-07
         886   3.18358872E-07
         887   3.18653690E-07
         888   3.18534148E-07
         889   3.18411963E-07
         890   3.18053992E-07
         891   3.18135363E-07
         892   3.18059278E-07
         893   3.18448542E-07
         894   3.18762204E-07
         895   3.18555777E-07
         896   3.18581925E-07
         897   3.18491885E-07
         898   3.18702718E-07
         899   3.18009313E-07
         900   3.18491345E-07
         901   3.18223442E-07
         902   3.18040918E-07
         903   3.18285998E-07
         904   3.18521728E-07
         905   3.18520307E-07
         906   3.18575303E-07
         907   3.18138376E-07
         908   3.17870075E-07
         909   3.18349237E-07
         910   3.18436179E-07
         911   3.18474974E-07
         912   3.18377175E-07
         913   3.18609921E-07
         914   3.18533836E-07
         915   3.18060529E-07
         916   3.18202382E-07
         917   3.17864760E-07
         918   3.18525025E-07
         919   3.18407189E-07
         920   3.18535939E-07
         921   3.18407160E-07
         922   3.18642037E-07
         923   3.18577406E-07
         924   3.18304586E-07
         925   3.18096426E-07
         926   3.18022018E-07
         927   3.18430040E-07
         928   3.18533665E-07
         929   3.18279461E-07
         930   3.18431177E-07
         931   3.17906824E-07
         932   3.17974525E-07
         933   3.18327324E-07
         934   3.18452152E-07
         935   3.18421030E-07
         936   3.18860032E-07
         937   3.18752967E-07
         938   3.18677792E-07
         939   3.18079344E-07
         940   3.18124620E-07
         941   3.17828011E-07
         942   3.17859104E-07
         943   3.18332212E-07
         944   3.18581755E-07
         945   3.18935633E-07
         946   3.18920002E-07
         947   3.18383201E-07
         948   3.18338977E-07
         949   3.18217104E-07
         950   3.18126212E-07
         951   3.17867233E-07
         952   3.17887157E-07
         953   3.18214887E-07
         954   3.18971132E-07
         955   3.18409860E-07
         956   3.18515703E-07
         957   3.18155514E-07
         958   3.18301005E-07
         959   3.18411026E-07
         960   3.18440669E-07
         961   3.18383456E-07
         962   3.18117884E-07
         963   3.18463833E-07
         964   3.18408894E-07
         965   3.18228018E-07
         966   3.18355944E-07
         967   3.18340341E-07
         968   3.18549638E-07
         969   3.18393347E-07
         970   3.18625098E-07
         971   3.17924162E-07
         972   3.18410116E-07
         973   3.18628452E-07
         974   3.18491999E-07
         975   3.18119532E-07
         976   3.18350658E-07
         977   3.18226625E-07
         978   3.18350516E-07
         979   3.18042055E-07
         980   3.17870672E-07
         981   3.18303961E-07
         982   3.18310668E-07
         983   3.18897406E-07
         984   3.18794861E-07
         985   3.18717412E-07
         986   3.18725967E-07
         987   3.17935132E-07
         988   3.17967874E-07
         989   3.17637102E-07
         990   3.18422167E-07
         991   3.18142952E-07
         992   3.18479579E-07
         993   3.18684471E-07
         994   3.18854802E-07
         995   3.18437372E-07
         996   3.18328318E-07
         997   3.18125558E-07
         998   3.17862288E-07
         999   3.18343467E-07
        1000   3.18313937E-07
