           1  0.274773568    
           2  0.250274062    
           3  0.230979949    
           4  0.214603335    
           5  0.200286731    
           6  0.187515557    
           7  0.175974429    
           8  0.165451571    
           9  0.155782446    
          10  0.146891236    
          11  0.138686433    
          12  0.131056130    
          13  0.123928688    
          14  0.117254764    
          15  0.110990480    
          16  0.105100639    
          17   9.95534956E-02
          18   9.43227261E-02
          19   8.93846378E-02
          20   8.47178623E-02
          21   8.03036764E-02
          22   7.61261284E-02
          23   7.21694604E-02
          24   6.84200004E-02
          25   6.48652613E-02
          26   6.14939071E-02
          27   5.82950227E-02
          28   5.52592203E-02
          29   5.23771197E-02
          30   4.96408269E-02
          31   4.70420495E-02
          32   4.45737056E-02
          33   4.22290973E-02
          34   4.00017761E-02
          35   3.78856957E-02
          36   3.58754173E-02
          37   3.39654908E-02
          38   3.21510881E-02
          39   3.04275192E-02
          40   2.87902709E-02
          41   2.72353571E-02
          42   2.57587228E-02
          43   2.43566334E-02
          44   2.30255928E-02
          45   2.17622835E-02
          46   2.05635075E-02
          47   1.94262899E-02
          48   1.83477160E-02
          49   1.73251685E-02
          50   1.63559727E-02
          51   1.54376933E-02
          52   1.45679889E-02
          53   1.37445647E-02
          54   1.29652508E-02
          55   1.22279227E-02
          56   1.15305623E-02
          57   1.08711841E-02
          58   1.02479933E-02
          59   9.65912547E-03
          60   9.10282228E-03
          61   8.57750978E-03
          62   8.08151159E-03
          63   7.61336042E-03
          64   7.17156893E-03
          65   6.75475551E-03
          66   6.36158651E-03
          67   5.99079905E-03
          68   5.64115820E-03
          69   5.31153847E-03
          70   5.00083342E-03
          71   4.70799115E-03
          72   4.43204259E-03
          73   4.17203642E-03
          74   3.92707391E-03
          75   3.69633106E-03
          76   3.47898155E-03
          77   3.27428081E-03
          78   3.08150472E-03
          79   2.89998413E-03
          80   2.72906572E-03
          81   2.56814156E-03
          82   2.41663959E-03
          83   2.27401825E-03
          84   2.13975459E-03
          85   2.01338157E-03
          86   1.89442839E-03
          87   1.78247062E-03
          88   1.67710404E-03
          89   1.57793821E-03
          90   1.48461235E-03
          91   1.39678665E-03
          92   1.31413701E-03
          93   1.23636762E-03
          94   1.16318266E-03
          95   1.09432230E-03
          96   1.02952868E-03
          97   9.68563079E-04
          98   9.11199779E-04
          99   8.57229403E-04
         100   8.06446187E-04
         101   7.58669572E-04
         102   7.13715446E-04
         103   6.71421294E-04
         104   6.31633855E-04
         105   5.94201381E-04
         106   5.58982778E-04
         107   5.25849056E-04
         108   4.94679960E-04
         109   4.65357240E-04
         110   4.37767070E-04
         111   4.11813759E-04
         112   3.87400127E-04
         113   3.64430482E-04
         114   3.42824293E-04
         115   3.22495645E-04
         116   3.03373061E-04
         117   2.85386661E-04
         118   2.68464675E-04
         119   2.52547092E-04
         120   2.37572225E-04
         121   2.23484647E-04
         122   2.10231883E-04
         123   1.97763176E-04
         124   1.86036981E-04
         125   1.75006498E-04
         126   1.64628946E-04
         127   1.54863708E-04
         128   1.45676895E-04
         129   1.37037889E-04
         130   1.28908214E-04
         131   1.21266348E-04
         132   1.14074151E-04
         133   1.07311032E-04
         134   1.00947189E-04
         135   9.49585738E-05
         136   8.93245015E-05
         137   8.40293142E-05
         138   7.90462655E-05
         139   7.43603523E-05
         140   6.99499360E-05
         141   6.58023782E-05
         142   6.18975246E-05
         143   5.82263747E-05
         144   5.47736927E-05
         145   5.15225183E-05
         146   4.84670200E-05
         147   4.55933623E-05
         148   4.28889871E-05
         149   4.03483282E-05
         150   3.79574303E-05
         151   3.57043318E-05
         152   3.35882833E-05
         153   3.15942889E-05
         154   2.97196875E-05
         155   2.79570995E-05
         156   2.62999965E-05
         157   2.47414009E-05
         158   2.32732818E-05
         159   2.18953355E-05
         160   2.05962060E-05
         161   1.93740689E-05
         162   1.82244767E-05
         163   1.71469492E-05
         164   1.61300850E-05
         165   1.51758550E-05
         166   1.42784502E-05
         167   1.34327329E-05
         168   1.26344203E-05
         169   1.18859489E-05
         170   1.11844365E-05
         171   1.05215940E-05
         172   9.89760701E-06
         173   9.31183240E-06
         174   8.76213107E-06
         175   8.24339531E-06
         176   7.75499211E-06
         177   7.29387375E-06
         178   6.86115482E-06
         179   6.45712680E-06
         180   6.07458969E-06
         181   5.71484497E-06
         182   5.37480673E-06
         183   5.05606931E-06
         184   4.75631032E-06
         185   4.47189450E-06
         186   4.20640163E-06
         187   3.95939014E-06
         188   3.72583054E-06
         189   3.50457503E-06
         190   3.29659883E-06
         191   3.10261225E-06
         192   2.91708466E-06
         193   2.74701051E-06
         194   2.58263958E-06
         195   2.42972828E-06
         196   2.28862223E-06
         197   2.15471573E-06
         198   2.02566207E-06
         199   1.90775268E-06
         200   1.79522101E-06
         201   1.68955819E-06
         202   1.59212198E-06
         203   1.49822745E-06
         204   1.41254316E-06
         205   1.32894604E-06
         206   1.25166378E-06
         207   1.17819536E-06
         208   1.11020972E-06
         209   1.04441710E-06
         210   9.80963932E-07
         211   9.25491008E-07
         212   8.72241401E-07
         213   8.25389691E-07
         214   7.80142159E-07
         215   7.38213316E-07
         216   7.00544774E-07
         217   6.67374650E-07
         218   6.33468915E-07
         219   6.00368253E-07
         220   5.73504565E-07
         221   5.42612099E-07
         222   5.18046477E-07
         223   4.93975278E-07
         224   4.70411493E-07
         225   4.52688369E-07
         226   4.32966516E-07
         227   4.14870243E-07
         228   4.00252304E-07
         229   3.87333301E-07
         230   3.75267177E-07
         231   3.67189841E-07
         232   3.55526169E-07
         233   3.46279563E-07
         234   3.38035790E-07
         235   3.31404550E-07
         236   3.25950481E-07
         237   3.22573698E-07
         238   3.18635017E-07
         239   3.16525103E-07
         240   3.13626771E-07
         241   3.12651679E-07
         242   3.11010410E-07
         243   3.10299242E-07
         244   3.08288946E-07
         245   3.07286712E-07
         246   3.06352575E-07
         247   3.05850250E-07
         248   3.05088236E-07
         249   3.05362931E-07
         250   3.04578748E-07
         251   3.04020858E-07
         252   3.03307417E-07
         253   3.03672863E-07
         254   3.02462354E-07
         255   3.02871854E-07
         256   3.02446892E-07
         257   3.03094339E-07
         258   3.02562484E-07
         259   3.02659402E-07
         260   3.01644036E-07
         261   3.02230802E-07
         262   3.01643013E-07
         263   3.01929731E-07
         264   3.01817920E-07
         265   3.01980975E-07
         266   3.01549136E-07
         267   3.02077325E-07
         268   3.01212680E-07
         269   3.01658787E-07
         270   3.01414985E-07
         271   3.02004366E-07
         272   3.00808608E-07
         273   3.01526114E-07
         274   3.00860336E-07
         275   3.01227402E-07
         276   3.00860989E-07
         277   3.01216801E-07
         278   3.00544770E-07
         279   3.00837200E-07
         280   3.00276071E-07
         281   3.00433271E-07
         282   2.99888882E-07
         283   3.00507054E-07
         284   3.00244096E-07
         285   3.00806079E-07
         286   3.00380066E-07
         287   3.00411017E-07
         288   3.00054097E-07
         289   3.00240629E-07
         290   2.99477591E-07
         291   3.00418890E-07
         292   3.00088118E-07
         293   3.00473943E-07
         294   2.99847954E-07
         295   3.00580382E-07
         296   2.99695103E-07
         297   3.00385068E-07
         298   2.99877797E-07
         299   3.00370203E-07
         300   2.99827377E-07
         301   3.00237645E-07
         302   2.99994554E-07
         303   3.00366025E-07
         304   2.99965848E-07
         305   3.00569639E-07
         306   3.00141608E-07
         307   3.00504240E-07
         308   2.99580790E-07
         309   3.00247876E-07
         310   2.99474664E-07
         311   3.00363297E-07
         312   3.00053927E-07
         313   3.00788088E-07
         314   2.99808875E-07
         315   3.00451660E-07
         316   2.99957946E-07
         317   3.00016495E-07
         318   2.99697803E-07
         319   3.00381714E-07
         320   3.00342549E-07
         321   3.00602977E-07
         322   2.99871914E-07
         323   3.00297359E-07
         324   2.99805208E-07
         325   3.00400330E-07
         326   2.99767862E-07
         327   3.00632308E-07
         328   2.99805777E-07
         329   3.00244494E-07
         330   2.99911363E-07
         331   3.00431992E-07
         332   3.00027949E-07
         333   3.00728033E-07
         334   2.99967695E-07
         335   3.00222865E-07
         336   2.99771585E-07
         337   3.00282778E-07
         338   2.99721904E-07
         339   3.00499835E-07
         340   3.00130324E-07
         341   3.00606303E-07
         342   3.00112305E-07
         343   3.00386091E-07
         344   2.99651759E-07
         345   3.00007173E-07
         346   2.99671825E-07
         347   3.00562021E-07
         348   3.00214850E-07
         349   3.00541473E-07
         350   2.99820925E-07
         351   3.00453394E-07
         352   2.99627914E-07
         353   3.00069701E-07
         354   2.99891070E-07
         355   3.00503075E-07
         356   3.00060123E-07
         357   3.00424063E-07
         358   2.99984976E-07
         359   3.00103295E-07
         360   2.99884533E-07
         361   3.00394674E-07
         362   2.99783864E-07
         363   3.00304237E-07
         364   2.99722956E-07
         365   3.00348461E-07
         366   2.99736854E-07
         367   3.00545764E-07
         368   3.00010441E-07
         369   3.00642597E-07
         370   2.99742112E-07
         371   3.00074362E-07
         372   2.99755555E-07
         373   2.99914944E-07
         374   2.99904428E-07
         375   3.00795080E-07
         376   3.00387143E-07
         377   3.00219511E-07
         378   2.99859693E-07
         379   3.00384016E-07
         380   2.99351427E-07
         381   3.00138396E-07
         382   2.99744357E-07
         383   3.00532633E-07
         384   2.99989665E-07
         385   3.00562078E-07
         386   2.99834312E-07
         387   3.00190322E-07
         388   2.99762092E-07
         389   3.00031672E-07
         390   2.99894765E-07
         391   3.00310120E-07
         392   2.99822943E-07
         393   3.00403059E-07
         394   2.99737735E-07
         395   3.00188333E-07
         396   3.00102442E-07
         397   3.00716692E-07
         398   2.99529262E-07
         399   3.00045144E-07
         400   2.99825444E-07
         401   3.00235456E-07
         402   2.99868475E-07
         403   3.00784990E-07
         404   3.00158376E-07
         405   3.00448903E-07
         406   2.99719346E-07
         407   2.99903149E-07
         408   2.99570473E-07
         409   3.00110628E-07
         410   2.99922306E-07
         411   3.00737099E-07
         412   3.00006405E-07
         413   3.00209308E-07
         414   2.99694989E-07
         415   3.00154483E-07
         416   2.99629306E-07
         417   3.00401609E-07
         418   2.99933248E-07
         419   3.00495657E-07
         420   2.99948567E-07
         421   3.00542951E-07
         422   2.99539920E-07
         423   3.00473374E-07
         424   3.00074731E-07
         425   3.00347040E-07
         426   2.99792418E-07
         427   3.00186827E-07
         428   2.99848381E-07
         429   3.00109207E-07
         430   3.00034998E-07
         431   3.00585270E-07
         432   3.00184837E-07
         433   3.00312621E-07
         434   2.99419526E-07
         435   3.00126374E-07
         436   2.99455394E-07
         437   3.00365343E-07
         438   3.00097128E-07
         439   3.00749008E-07
         440   2.99919918E-07
         441   3.00352724E-07
         442   2.99710507E-07
         443   2.99904769E-07
         444   2.99733784E-07
         445   3.00530331E-07
         446   3.00068365E-07
         447   3.00512681E-07
         448   2.99921311E-07
         449   3.00312422E-07
         450   2.99591477E-07
         451   3.00391804E-07
         452   2.99667732E-07
         453   3.00514358E-07
         454   2.99723581E-07
         455   3.00410392E-07
         456   3.00003904E-07
         457   3.00370004E-07
         458   2.99672593E-07
         459   3.00454218E-07
         460   3.00144563E-07
         461   3.00045059E-07
         462   2.99575504E-07
         463   3.00277122E-07
         464   2.99611997E-07
         465   3.00351076E-07
         466   3.00007486E-07
         467   3.00620826E-07
         468   2.99955332E-07
         469   3.00363808E-07
         470   2.99357623E-07
         471   2.99986226E-07
         472   2.99650935E-07
         473   3.00422528E-07
         474   3.00176737E-07
         475   3.00580410E-07
         476   2.99827491E-07
         477   3.00287411E-07
         478   2.99671598E-07
         479   2.99926000E-07
         480   2.99964825E-07
         481   3.00423494E-07
         482   3.00089852E-07
         483   3.00431935E-07
         484   2.99944190E-07
         485   3.00038778E-07
         486   2.99839911E-07
         487   3.00440519E-07
         488   2.99750241E-07
         489   3.00283233E-07
         490   2.99532701E-07
         491   3.00218659E-07
         492   2.99669324E-07
         493   3.00552500E-07
         494   2.99920316E-07
         495   3.00581547E-07
         496   2.99799581E-07
         497   2.99925972E-07
         498   2.99627857E-07
         499   2.99939501E-07
         500   2.99851820E-07
         501   3.00383277E-07
         502   3.00171507E-07
         503   3.00159115E-07
         504   2.99905395E-07
         505   3.00241140E-07
         506   2.99261615E-07
         507   3.00125379E-07
         508   2.99808534E-07
         509   3.00501029E-07
         510   2.99971617E-07
         511   3.00465132E-07
         512   2.99814189E-07
         513   3.00128818E-07
         514   2.99574111E-07
         515   2.99994781E-07
         516   2.99858158E-07
         517   3.00112703E-07
         518   2.99812086E-07
         519   3.00295483E-07
         520   2.99825189E-07
         521   3.00197712E-07
         522   2.99865405E-07
         523   3.00474909E-07
         524   2.99535373E-07
         525   3.00116568E-07
         526   2.99724945E-07
         527   3.00074589E-07
         528   2.99845595E-07
         529   3.00397659E-07
         530   3.00026585E-07
         531   3.00453650E-07
         532   2.99722473E-07
         533   2.99975596E-07
         534   2.99425352E-07
         535   2.99977160E-07
         536   3.00005553E-07
         537   3.00627846E-07
         538   2.99973692E-07
         539   3.00181341E-07
         540   2.99823768E-07
         541   2.99955332E-07
         542   2.99283158E-07
         543   3.00322824E-07
         544   3.00110742E-07
         545   3.00359858E-07
         546   2.99964057E-07
         547   3.00405986E-07
         548   2.99624674E-07
         549   3.00184439E-07
         550   2.99762746E-07
         551   3.00150504E-07
         552   2.99702890E-07
         553   3.00068706E-07
         554   2.99831697E-07
         555   3.00127226E-07
         556   2.99891809E-07
         557   3.00148201E-07
         558   3.00050687E-07
         559   3.00302389E-07
         560   2.99486800E-07
         561   3.00194813E-07
         562   2.99381924E-07
         563   3.00130864E-07
         564   2.99920003E-07
         565   3.00677044E-07
         566   2.99884277E-07
         567   3.00271665E-07
         568   2.99760018E-07
         569   2.99708290E-07
         570   2.99522640E-07
         571   3.00290992E-07
         572   3.00196831E-07
         573   3.00374950E-07
         574   2.99847926E-07
         575   3.00158746E-07
         576   2.99583178E-07
         577   3.00078511E-07
         578   2.99610832E-07
         579   3.00393197E-07
         580   2.99640902E-07
         581   3.00237360E-07
         582   2.99777128E-07
         583   3.00242277E-07
         584   2.99818794E-07
         585   3.00465615E-07
         586   3.00039403E-07
         587   2.99991996E-07
         588   2.99574623E-07
         589   2.99929297E-07
         590   2.99582553E-07
         591   3.00432418E-07
         592   3.00111338E-07
         593   3.00374381E-07
         594   2.99822489E-07
         595   3.00065068E-07
         596   2.99451671E-07
         597   2.99939217E-07
         598   2.99600998E-07
         599   3.00471470E-07
         600   3.00238924E-07
         601   3.00491138E-07
         602   2.99593296E-07
         603   3.00241140E-07
         604   2.99603869E-07
         605   2.99868390E-07
         606   2.99693284E-07
         607   3.00350735E-07
         608   2.99790059E-07
         609   3.00229459E-07
         610   2.99943963E-07
         611   2.99924324E-07
         612   2.99736570E-07
         613   3.00311171E-07
         614   2.99579398E-07
         615   3.00154625E-07
         616   2.99753708E-07
         617   3.00242334E-07
         618   2.99746631E-07
         619   3.00527290E-07
         620   2.99927194E-07
         621   3.00434664E-07
         622   2.99726764E-07
         623   2.99879872E-07
         624   2.99724775E-07
         625   2.99904087E-07
         626   2.99742908E-07
         627   3.00354571E-07
         628   3.00139590E-07
         629   3.00133223E-07
         630   2.99728725E-07
         631   3.00268056E-07
         632   2.99171347E-07
         633   2.99998874E-07
         634   2.99765929E-07
         635   3.00407692E-07
         636   2.99939671E-07
         637   3.00423892E-07
         638   2.99691237E-07
         639   3.00194586E-07
         640   2.99817998E-07
         641   2.99946123E-07
         642   2.99947942E-07
         643   3.00183643E-07
         644   2.99739980E-07
         645   3.00307647E-07
         646   2.99787416E-07
         647   3.00210161E-07
         648   2.99937454E-07
         649   3.00467320E-07
         650   2.99444281E-07
         651   3.00043126E-07
         652   2.99639339E-07
         653   3.00104261E-07
         654   2.99881179E-07
         655   3.00648708E-07
         656   3.00020190E-07
         657   3.00194472E-07
         658   2.99674468E-07
         659   2.99884277E-07
         660   2.99370726E-07
         661   3.00073538E-07
         662   2.99887461E-07
         663   3.00542638E-07
         664   2.99956696E-07
         665   3.00035538E-07
         666   2.99696836E-07
         667   3.00089482E-07
         668   2.99461675E-07
         669   3.00178442E-07
         670   2.99909061E-07
         671   3.00408288E-07
         672   2.99998703E-07
         673   3.00369322E-07
         674   2.99567091E-07
         675   3.00383846E-07
         676   2.99938449E-07
         677   3.00117790E-07
         678   2.99782187E-07
         679   3.00220336E-07
         680   2.99853667E-07
         681   3.00149281E-07
         682   3.00142318E-07
         683   3.00548123E-07
         684   3.00160451E-07
         685   3.00344027E-07
         686   2.99446953E-07
         687   3.00169432E-07
         688   2.99330821E-07
         689   3.00145473E-07
         690   3.00002000E-07
         691   3.00764611E-07
         692   2.99834682E-07
         693   3.00225850E-07
         694   2.99540574E-07
         695   2.99623167E-07
         696   2.99483673E-07
         697   3.00221330E-07
         698   3.00099600E-07
         699   3.00321602E-07
         700   2.99864581E-07
         701   3.00059838E-07
         702   2.99529603E-07
         703   3.00219142E-07
         704   2.99628368E-07
         705   3.00411415E-07
         706   2.99643688E-07
         707   3.00157694E-07
         708   2.99857675E-07
         709   3.00158860E-07
         710   2.99696438E-07
         711   3.00499124E-07
         712   3.00165453E-07
         713   2.99997964E-07
         714   2.99616630E-07
         715   3.00207034E-07
         716   2.99704908E-07
         717   3.00166334E-07
         718   3.00002540E-07
         719   3.00516859E-07
         720   2.99872596E-07
         721   3.00197001E-07
         722   2.99474749E-07
         723   2.99896158E-07
         724   2.99634507E-07
         725   3.00314696E-07
         726   3.00198224E-07
         727   3.00585128E-07
         728   2.99789150E-07
         729   3.00170001E-07
         730   2.99472106E-07
         731   2.99870948E-07
         732   2.99820300E-07
         733   3.00352752E-07
         734   2.99859721E-07
         735   3.00164658E-07
         736   2.99817543E-07
         737   2.99866826E-07
         738   2.99666056E-07
         739   3.00323848E-07
         740   2.99772154E-07
         741   3.00057081E-07
         742   2.99567176E-07
         743   3.00260950E-07
         744   2.99697120E-07
         745   3.00411017E-07
         746   2.99888512E-07
         747   3.00540620E-07
         748   2.99768629E-07
         749   2.99824592E-07
         750   2.99616687E-07
         751   2.99969599E-07
         752   2.99833459E-07
         753   3.00405418E-07
         754   3.00183387E-07
         755   3.00226048E-07
         756   2.99709285E-07
         757   3.00044320E-07
         758   2.99118682E-07
         759   3.00049436E-07
         760   2.99829281E-07
         761   3.00535532E-07
         762   2.99808988E-07
         763   3.00406100E-07
         764   2.99800831E-07
         765   2.99974971E-07
         766   2.99675776E-07
         767   3.00111623E-07
         768   2.99902581E-07
         769   3.00037215E-07
         770   2.99785825E-07
         771   3.00353179E-07
         772   2.99814758E-07
         773   3.00142545E-07
         774   2.99899341E-07
         775   3.00466013E-07
         776   2.99563254E-07
         777   3.00116056E-07
         778   2.99655909E-07
         779   3.00072543E-07
         780   2.99753879E-07
         781   3.00564551E-07
         782   3.00048214E-07
         783   3.00288349E-07
         784   2.99654602E-07
         785   2.99886892E-07
         786   2.99427086E-07
         787   3.00002426E-07
         788   2.99986510E-07
         789   3.00485539E-07
         790   2.99963489E-07
         791   3.00193449E-07
         792   2.99759790E-07
         793   3.00029711E-07
         794   2.99388375E-07
         795   3.00329589E-07
         796   3.00035083E-07
         797   3.00326519E-07
         798   2.99764025E-07
         799   3.00417071E-07
         800   2.99600259E-07
         801   3.00149537E-07
         802   2.99792674E-07
         803   3.00263736E-07
         804   2.99628169E-07
         805   3.00073282E-07
         806   2.99872767E-07
         807   3.00095849E-07
         808   2.99937057E-07
         809   3.00210246E-07
         810   2.99996884E-07
         811   3.00285251E-07
         812   2.99433907E-07
         813   3.00103977E-07
         814   2.99388148E-07
         815   3.00243101E-07
         816   2.99959765E-07
         817   3.00722775E-07
         818   2.99888001E-07
         819   3.00231704E-07
         820   2.99703231E-07
         821   2.99638998E-07
         822   2.99503057E-07
         823   3.00230141E-07
         824   3.00192312E-07
         825   3.00302503E-07
         826   2.99917247E-07
         827   3.00171422E-07
         828   2.99484498E-07
         829   3.00144848E-07
         830   2.99700929E-07
         831   3.00347580E-07
         832   2.99686548E-07
         833   3.00222865E-07
         834   2.99769766E-07
         835   3.00187736E-07
         836   2.99832777E-07
         837   3.00452001E-07
         838   2.99939018E-07
         839   2.99878224E-07
         840   2.99525681E-07
         841   3.00046679E-07
         842   2.99654033E-07
         843   3.00250605E-07
         844   3.00076039E-07
         845   3.00301707E-07
         846   2.99704055E-07
         847   3.00170456E-07
         848   2.99486913E-07
         849   2.99825075E-07
         850   2.99530399E-07
         851   3.00316316E-07
         852   2.99950898E-07
         853   3.00379583E-07
         854   2.99775678E-07
         855   3.00291305E-07
         856   2.99519371E-07
         857   2.99795005E-07
         858   2.99672820E-07
         859   3.00465302E-07
         860   2.99929042E-07
         861   3.00232045E-07
         862   2.99917588E-07
         863   2.99968974E-07
         864   2.99667533E-07
         865   3.00206182E-07
         866   2.99739099E-07
         867   3.00143114E-07
         868   2.99597104E-07
         869   3.00244920E-07
         870   2.99595655E-07
         871   3.00431481E-07
         872   2.99958771E-07
         873   3.00468173E-07
         874   2.99655824E-07
         875   2.99852616E-07
         876   2.99542734E-07
         877   2.99738190E-07
         878   2.99789320E-07
         879   3.00411813E-07
         880   3.00244778E-07
         881   3.00267487E-07
         882   2.99715140E-07
         883   3.00229544E-07
         884   2.99254850E-07
         885   2.99969287E-07
         886   2.99711047E-07
         887   3.00607979E-07
         888   2.99982077E-07
         889   3.00357470E-07
         890   2.99768658E-07
         891   3.00043553E-07
         892   2.99703203E-07
         893   3.00052477E-07
         894   2.99905565E-07
         895   3.00149708E-07
         896   2.99715339E-07
         897   3.00318732E-07
         898   2.99822887E-07
         899   3.00241709E-07
         900   2.99933760E-07
         901   3.00370459E-07
         902   2.99387125E-07
         903   2.99992735E-07
         904   2.99570075E-07
         905   3.00029768E-07
         906   2.99804668E-07
         907   3.00506485E-07
         908   2.99962608E-07
         909   3.00254612E-07
         910   2.99600117E-07
         911   2.99930491E-07
         912   2.99541881E-07
         913   3.00069047E-07
         914   2.99947459E-07
         915   3.00694268E-07
         916   3.00150873E-07
         917   3.00171422E-07
         918   2.99738673E-07
         919   3.00060663E-07
         920   2.99446384E-07
         921   3.00188162E-07
         922   3.00039005E-07
         923   3.00428184E-07
         924   2.99880952E-07
         925   3.00463483E-07
         926   2.99644967E-07
         927   3.00307846E-07
         928   2.99886409E-07
         929   3.00208427E-07
         930   2.99704311E-07
         931   2.99969912E-07
         932   2.99812910E-07
         933   3.00156358E-07
         934   2.99885244E-07
         935   3.00371255E-07
         936   3.00095223E-07
         937   3.00151271E-07
         938   2.99378939E-07
         939   3.00069530E-07
         940   2.99443229E-07
         941   3.00211951E-07
         942   3.00072543E-07
         943   3.00794994E-07
         944   2.99822602E-07
         945   3.00165738E-07
         946   2.99538101E-07
         947   2.99750326E-07
         948   2.99746802E-07
         949   3.00197996E-07
         950   2.99966700E-07
         951   3.00346244E-07
         952   2.99842469E-07
         953   3.00174463E-07
         954   2.99667278E-07
         955   3.00147263E-07
         956   2.99597161E-07
         957   3.00256488E-07
         958   2.99478586E-07
         959   3.00060606E-07
         960   2.99954678E-07
         961   3.00109576E-07
         962   2.99643631E-07
         963   3.00326406E-07
         964   2.99891951E-07
         965   2.99966700E-07
         966   2.99643091E-07
         967   3.00097611E-07
         968   2.99586674E-07
         969   3.00184496E-07
         970   2.99989182E-07
         971   3.00348745E-07
         972   2.99849347E-07
         973   3.00218716E-07
         974   2.99414154E-07
         975   3.00048583E-07
         976   2.99727787E-07
         977   3.00368129E-07
         978   3.00052022E-07
         979   3.00403343E-07
         980   2.99723666E-07
         981   3.00328793E-07
         982   2.99437488E-07
         983   2.99914149E-07
         984   2.99735319E-07
         985   3.00193818E-07
         986   2.99675179E-07
         987   3.00313957E-07
         988   3.00012005E-07
         989   2.99941803E-07
         990   2.99783778E-07
         991   3.00249695E-07
         992   2.99674042E-07
         993   3.00099202E-07
         994   2.99560242E-07
         995   3.00314383E-07
         996   2.99671427E-07
         997   3.00279396E-07
         998   2.99952291E-07
         999   3.00642370E-07
        1000   2.99781817E-07
