           1  0.259706408    
           2  0.231809467    
           3  0.209254071    
           4  0.190547913    
           5  0.174209893    
           6  0.159710005    
           7  0.146693990    
           8  0.134913027    
           9  0.124183871    
          10  0.114364021    
          11  0.105349548    
          12   9.70476642E-02
          13   8.93780142E-02
          14   8.22893456E-02
          15   7.57506043E-02
          16   6.97271228E-02
          17   6.41732961E-02
          18   5.90912998E-02
          19   5.44146672E-02
          20   5.01008593E-02
          21   4.61133048E-02
          22   4.24232483E-02
          23   3.90059538E-02
          24   3.58401649E-02
          25   3.29052657E-02
          26   3.01849116E-02
          27   2.76631471E-02
          28   2.53266077E-02
          29   2.31619384E-02
          30   2.11576559E-02
          31   1.93025172E-02
          32   1.75867230E-02
          33   1.60006080E-02
          34   1.45358238E-02
          35   1.31840799E-02
          36   1.19381426E-02
          37   1.07908165E-02
          38   9.73590184E-03
          39   8.76718760E-03
          40   7.87923578E-03
          41   7.06664845E-03
          42   6.32471032E-03
          43   5.64871961E-03
          44   5.03451889E-03
          45   4.47800616E-03
          46   3.97556787E-03
          47   3.52359843E-03
          48   3.11889756E-03
          49   2.75831623E-03
          50   2.43775407E-03
          51   2.15315470E-03
          52   1.90110505E-03
          53   1.67810207E-03
          54   1.48104632E-03
          55   1.30700786E-03
          56   1.15338096E-03
          57   1.01779203E-03
          58   8.98158120E-04
          59   7.92630191E-04
          60   6.99592172E-04
          61   6.17587590E-04
          62   5.45317540E-04
          63   4.81624797E-04
          64   4.25506878E-04
          65   3.76045034E-04
          66   3.32448311E-04
          67   2.94006051E-04
          68   2.60091299E-04
          69   2.30158388E-04
          70   2.03729345E-04
          71   1.80382995E-04
          72   1.59746225E-04
          73   1.41490775E-04
          74   1.25342209E-04
          75   1.11045709E-04
          76   9.83830250E-05
          77   8.71613738E-05
          78   7.72134808E-05
          79   6.83938633E-05
          80   6.05693931E-05
          81   5.36319385E-05
          82   4.74843036E-05
          83   4.20297474E-05
          84   3.71957431E-05
          85   3.29119139E-05
          86   2.91228353E-05
          87   2.57651845E-05
          88   2.27957935E-05
          89   2.01707026E-05
          90   1.78542668E-05
          91   1.58078292E-05
          92   1.40032680E-05
          93   1.24063272E-05
          94   1.09937591E-05
          95   9.74081468E-06
          96   8.63094101E-06
          97   7.64430661E-06
          98   6.77243634E-06
          99   5.98913448E-06
         100   5.32692775E-06
         101   4.72221109E-06
         102   4.19059234E-06
         103   3.71969782E-06
         104   3.30474404E-06
         105   2.94066035E-06
         106   2.61590890E-06
         107   2.33150718E-06
         108   2.07854509E-06
         109   1.85262024E-06
         110   1.65244876E-06
         111   1.47601395E-06
         112   1.32041396E-06
         113   1.18343428E-06
         114   1.06560447E-06
         115   9.55562768E-07
         116   8.57760369E-07
         117   7.71052157E-07
         118   7.00994633E-07
         119   6.36726611E-07
         120   5.81350662E-07
         121   5.33963203E-07
         122   4.94077483E-07
         123   4.56258846E-07
         124   4.23739181E-07
         125   3.94582031E-07
         126   3.66899229E-07
         127   3.46187306E-07
         128   3.26908889E-07
         129   3.10197464E-07
         130   2.97922298E-07
         131   2.86672275E-07
         132   2.76855047E-07
         133   2.70144170E-07
         134   2.62951431E-07
         135   2.59110237E-07
         136   2.55293230E-07
         137   2.52150130E-07
         138   2.49617614E-07
         139   2.47511110E-07
         140   2.45866005E-07
         141   2.44994624E-07
         142   2.43665255E-07
         143   2.43059503E-07
         144   2.41462942E-07
         145   2.41910129E-07
         146   2.41866672E-07
         147   2.41757220E-07
         148   2.41353121E-07
         149   2.40917700E-07
         150   2.41056455E-07
         151   2.41160961E-07
         152   2.41406241E-07
         153   2.41385322E-07
         154   2.39839153E-07
         155   2.40526276E-07
         156   2.40203434E-07
         157   2.40928443E-07
         158   2.40819446E-07
         159   2.40054106E-07
         160   2.40003743E-07
         161   2.40275483E-07
         162   2.40299727E-07
         163   2.40475373E-07
         164   2.39956535E-07
         165   2.40243935E-07
         166   2.40263603E-07
         167   2.40408070E-07
         168   2.40027646E-07
         169   2.39771140E-07
         170   2.39928738E-07
         171   2.40253598E-07
         172   2.40414181E-07
         173   2.40888397E-07
         174   2.39557323E-07
         175   2.40076218E-07
         176   2.39730127E-07
         177   2.40633000E-07
         178   2.40546058E-07
         179   2.39828665E-07
         180   2.39707646E-07
         181   2.40023383E-07
         182   2.40144061E-07
         183   2.40497371E-07
         184   2.39525576E-07
         185   2.40088923E-07
         186   2.39925583E-07
         187   2.40849346E-07
         188   2.40313682E-07
         189   2.40077497E-07
         190   2.39948548E-07
         191   2.40548019E-07
         192   2.39942580E-07
         193   2.40100547E-07
         194   2.39253524E-07
         195   2.39982626E-07
         196   2.40012753E-07
         197   2.40825699E-07
         198   2.40617339E-07
         199   2.39849015E-07
         200   2.39743031E-07
         201   2.40131726E-07
         202   2.40115924E-07
         203   2.40698398E-07
         204   2.39401970E-07
         205   2.39955796E-07
         206   2.39929051E-07
         207   2.40505699E-07
         208   2.40433963E-07
         209   2.39635881E-07
         210   2.39750477E-07
         211   2.40351568E-07
         212   2.40228445E-07
         213   2.40448543E-07
         214   2.39944200E-07
         215   2.40461816E-07
         216   2.40182345E-07
         217   2.40518972E-07
         218   2.40117146E-07
         219   2.39441846E-07
         220   2.39685136E-07
         221   2.40130873E-07
         222   2.40369445E-07
         223   2.40764933E-07
         224   2.39773044E-07
         225   2.40257123E-07
         226   2.39895144E-07
         227   2.40744242E-07
         228   2.40459173E-07
         229   2.39885111E-07
         230   2.39811982E-07
         231   2.39964493E-07
         232   2.40115924E-07
         233   2.40629987E-07
         234   2.39656714E-07
         235   2.39915408E-07
         236   2.39981603E-07
         237   2.40414721E-07
         238   2.39971058E-07
         239   2.39858650E-07
         240   2.39688205E-07
         241   2.40369474E-07
         242   2.39812550E-07
         243   2.39696305E-07
         244   2.39084756E-07
         245   2.39776909E-07
         246   2.39748118E-07
         247   2.40071728E-07
         248   2.40237000E-07
         249   2.39655833E-07
         250   2.39572614E-07
         251   2.39774266E-07
         252   2.39749284E-07
         253   2.40145766E-07
         254   2.39122159E-07
         255   2.39694657E-07
         256   2.39383411E-07
         257   2.39975378E-07
         258   2.39647648E-07
         259   2.39350527E-07
         260   2.39451737E-07
         261   2.39958410E-07
         262   2.39895314E-07
         263   2.40133005E-07
         264   2.39574376E-07
         265   2.40080936E-07
         266   2.39881615E-07
         267   2.40027759E-07
         268   2.39403505E-07
         269   2.39142253E-07
         270   2.39202961E-07
         271   2.39865528E-07
         272   2.39987230E-07
         273   2.40553192E-07
         274   2.39340039E-07
         275   2.39366955E-07
         276   2.39494625E-07
         277   2.40054874E-07
         278   2.39994648E-07
         279   2.39270236E-07
         280   2.39388299E-07
         281   2.39817524E-07
         282   2.39994364E-07
         283   2.40331531E-07
         284   2.39200517E-07
         285   2.39960457E-07
         286   2.39735385E-07
         287   2.39884997E-07
         288   2.39472485E-07
         289   2.39299339E-07
         290   2.39701563E-07
         291   2.40282333E-07
         292   2.39842592E-07
         293   2.39976401E-07
         294   2.39254035E-07
         295   2.39689797E-07
         296   2.39597938E-07
         297   2.40132579E-07
         298   2.40309220E-07
         299   2.39447587E-07
         300   2.39371985E-07
         301   2.39455375E-07
         302   2.40135364E-07
         303   2.40236432E-07
         304   2.39020125E-07
         305   2.39951106E-07
         306   2.39601491E-07
         307   2.40111405E-07
         308   2.39816785E-07
         309   2.38938242E-07
         310   2.39156321E-07
         311   2.40065020E-07
         312   2.40036002E-07
         313   2.39961793E-07
         314   2.39679480E-07
         315   2.39627923E-07
         316   2.39642361E-07
         317   2.39823180E-07
         318   2.39373350E-07
         319   2.39142764E-07
         320   2.39682578E-07
         321   2.39794872E-07
         322   2.40069909E-07
         323   2.40286539E-07
         324   2.39407228E-07
         325   2.39645061E-07
         326   2.39727825E-07
         327   2.40134085E-07
         328   2.39805360E-07
         329   2.39041668E-07
         330   2.39151262E-07
         331   2.39467056E-07
         332   2.40119419E-07
         333   2.39995103E-07
         334   2.39142196E-07
         335   2.39748289E-07
         336   2.39618117E-07
         337   2.40231515E-07
         338   2.39898583E-07
         339   2.39513980E-07
         340   2.39636819E-07
         341   2.40228985E-07
         342   2.39739762E-07
         343   2.39703667E-07
         344   2.39283878E-07
         345   2.39501048E-07
         346   2.39671095E-07
         347   2.40248710E-07
         348   2.40373083E-07
         349   2.39587337E-07
         350   2.39636705E-07
         351   2.39830513E-07
         352   2.39819599E-07
         353   2.40425578E-07
         354   2.39291069E-07
         355   2.39641338E-07
         356   2.39674762E-07
         357   2.40080112E-07
         358   2.40036798E-07
         359   2.39412259E-07
         360   2.39175591E-07
         361   2.39667202E-07
         362   2.40034723E-07
         363   2.39633522E-07
         364   2.39220128E-07
         365   2.39806042E-07
         366   2.39789188E-07
         367   2.39788505E-07
         368   2.39352289E-07
         369   2.39154332E-07
         370   2.39401800E-07
         371   2.40031369E-07
         372   2.40096313E-07
         373   2.40371520E-07
         374   2.39314744E-07
         375   2.39671664E-07
         376   2.39573126E-07
         377   2.40271930E-07
         378   2.40312744E-07
         379   2.39546694E-07
         380   2.39497695E-07
         381   2.39909014E-07
         382   2.39932774E-07
         383   2.39976856E-07
         384   2.39427692E-07
         385   2.39949770E-07
         386   2.39828438E-07
         387   2.40140110E-07
         388   2.39914925E-07
         389   2.39534245E-07
         390   2.39775602E-07
         391   2.40145710E-07
         392   2.39838784E-07
         393   2.39582221E-07
         394   2.39028878E-07
         395   2.39294280E-07
         396   2.39474417E-07
         397   2.39879000E-07
         398   2.40061382E-07
         399   2.39143219E-07
         400   2.39324606E-07
         401   2.39645573E-07
         402   2.40107141E-07
         403   2.40366461E-07
         404   2.39232236E-07
         405   2.39750165E-07
         406   2.39680190E-07
         407   2.40238052E-07
         408   2.40092248E-07
         409   2.39294280E-07
         410   2.39521256E-07
         411   2.39915494E-07
         412   2.39846798E-07
         413   2.40309703E-07
         414   2.39455431E-07
         415   2.39591571E-07
         416   2.39747891E-07
         417   2.39784498E-07
         418   2.39711824E-07
         419   2.39411349E-07
         420   2.39548172E-07
         421   2.40057233E-07
         422   2.40169697E-07
         423   2.40429443E-07
         424   2.39144498E-07
         425   2.39577332E-07
         426   2.39591770E-07
         427   2.40308054E-07
         428   2.40276222E-07
         429   2.39194009E-07
         430   2.39433035E-07
         431   2.39851971E-07
         432   2.40049275E-07
         433   2.40368280E-07
         434   2.39292774E-07
         435   2.39833469E-07
         436   2.39819599E-07
         437   2.40267468E-07
         438   2.39822128E-07
         439   2.39734334E-07
         440   2.39783532E-07
         441   2.40172881E-07
         442   2.39843331E-07
         443   2.39763949E-07
         444   2.38977549E-07
         445   2.39747095E-07
         446   2.39848248E-07
         447   2.40019887E-07
         448   2.39961167E-07
         449   2.39439771E-07
         450   2.39146203E-07
         451   2.39645317E-07
         452   2.39576110E-07
         453   2.39845207E-07
         454   2.38784139E-07
         455   2.39407484E-07
         456   2.39327733E-07
         457   2.39895201E-07
         458   2.39616725E-07
         459   2.38909564E-07
         460   2.38917238E-07
         461   2.39450230E-07
         462   2.39266853E-07
         463   2.39611467E-07
         464   2.39008216E-07
         465   2.39535296E-07
         466   2.39667600E-07
         467   2.39884855E-07
         468   2.38925111E-07
         469   2.38622789E-07
         470   2.39092856E-07
         471   2.39305109E-07
         472   2.39569744E-07
         473   2.40022956E-07
         474   2.38895922E-07
         475   2.39346861E-07
         476   2.38989514E-07
         477   2.39643384E-07
         478   2.39546324E-07
         479   2.39158481E-07
         480   2.39283736E-07
         481   2.39639348E-07
         482   2.39598080E-07
         483   2.39744168E-07
         484   2.38637540E-07
         485   2.39174426E-07
         486   2.39172948E-07
         487   2.39814227E-07
         488   2.39898242E-07
         489   2.39688092E-07
         490   2.39352460E-07
         491   2.39548172E-07
         492   2.39388584E-07
         493   2.39741382E-07
         494   2.39379034E-07
         495   2.39477004E-07
         496   2.39335975E-07
         497   2.40236005E-07
         498   2.40194140E-07
         499   2.39617322E-07
         500   2.39394410E-07
         501   2.39455289E-07
         502   2.39166155E-07
         503   2.39382388E-07
         504   2.38875771E-07
         505   2.39544647E-07
         506   2.39662427E-07
         507   2.39929932E-07
         508   2.39828552E-07
         509   2.39372525E-07
         510   2.39000798E-07
         511   2.39183578E-07
         512   2.39376135E-07
         513   2.39850152E-07
         514   2.39386765E-07
         515   2.40022302E-07
         516   2.39075575E-07
         517   2.39174511E-07
         518   2.39297890E-07
         519   2.39240023E-07
         520   2.39039224E-07
         521   2.39361810E-07
         522   2.39167548E-07
         523   2.39774010E-07
         524   2.39278506E-07
         525   2.39458359E-07
         526   2.39208049E-07
         527   2.39296952E-07
         528   2.38873042E-07
         529   2.39016117E-07
         530   2.39185482E-07
         531   2.39235675E-07
         532   2.39573012E-07
         533   2.39651428E-07
         534   2.39127530E-07
         535   2.39281547E-07
         536   2.39182441E-07
         537   2.39334554E-07
         538   2.39448866E-07
         539   2.39427635E-07
         540   2.39702416E-07
         541   2.40109301E-07
         542   2.39445711E-07
         543   2.39031380E-07
         544   2.38561768E-07
         545   2.39339585E-07
         546   2.39500736E-07
         547   2.39871213E-07
         548   2.39461173E-07
         549   2.39144555E-07
         550   2.39696817E-07
         551   2.39551412E-07
         552   2.38882507E-07
         553   2.39377215E-07
         554   2.38976071E-07
         555   2.39414589E-07
         556   2.39419904E-07
         557   2.40134085E-07
         558   2.39157060E-07
         559   2.38770042E-07
         560   2.38868552E-07
         561   2.39565082E-07
         562   2.39553913E-07
         563   2.39634744E-07
         564   2.39085637E-07
         565   2.39577275E-07
         566   2.39699744E-07
         567   2.39871781E-07
         568   2.39549252E-07
         569   2.39031948E-07
         570   2.38949013E-07
         571   2.39648642E-07
         572   2.39700569E-07
         573   2.39603452E-07
         574   2.39304001E-07
         575   2.39616554E-07
         576   2.39583528E-07
         577   2.39957245E-07
         578   2.39517135E-07
         579   2.39207054E-07
         580   2.39386083E-07
         581   2.39322276E-07
         582   2.39573808E-07
         583   2.39754030E-07
         584   2.39459240E-07
         585   2.39426953E-07
         586   2.39206173E-07
         587   2.39340437E-07
         588   2.38944097E-07
         589   2.38920279E-07
         590   2.39170703E-07
         591   2.39613883E-07
         592   2.39535694E-07
         593   2.39930642E-07
         594   2.39473650E-07
         595   2.39448127E-07
         596   2.39141656E-07
         597   2.39308918E-07
         598   2.39112211E-07
         599   2.39233316E-07
         600   2.39553799E-07
         601   2.39795895E-07
         602   2.39656401E-07
         603   2.39624740E-07
         604   2.39083903E-07
         605   2.39350385E-07
         606   2.39587280E-07
         607   2.39656458E-07
         608   2.39762926E-07
         609   2.39465351E-07
         610   2.40010991E-07
         611   2.39809708E-07
         612   2.39574319E-07
         613   2.39613172E-07
         614   2.38887623E-07
         615   2.39147994E-07
         616   2.39223709E-07
         617   2.39706480E-07
         618   2.39363203E-07
         619   2.39231809E-07
         620   2.39751500E-07
         621   2.39345525E-07
         622   2.39180309E-07
         623   2.39476634E-07
         624   2.38860906E-07
         625   2.39159959E-07
         626   2.39273561E-07
         627   2.39682720E-07
         628   2.39636819E-07
         629   2.39507841E-07
         630   2.39185937E-07
         631   2.39664075E-07
         632   2.39545159E-07
         633   2.39560080E-07
         634   2.39090440E-07
         635   2.39728877E-07
         636   2.39340551E-07
         637   2.39873373E-07
         638   2.39476606E-07
         639   2.39220043E-07
         640   2.39333588E-07
         641   2.39624455E-07
         642   2.39425788E-07
         643   2.39570653E-07
         644   2.39027258E-07
         645   2.39304512E-07
         646   2.38936252E-07
         647   2.39711568E-07
         648   2.39329523E-07
         649   2.39166155E-07
         650   2.39364596E-07
         651   2.39520546E-07
         652   2.39583187E-07
         653   2.39412287E-07
         654   2.38456721E-07
         655   2.38868466E-07
         656   2.38870598E-07
         657   2.39195543E-07
         658   2.39529328E-07
         659   2.39012508E-07
         660   2.39271856E-07
         661   2.39573836E-07
         662   2.39922599E-07
         663   2.39716940E-07
         664   2.38935684E-07
         665   2.39637188E-07
         666   2.39180224E-07
         667   2.39420842E-07
         668   2.39476634E-07
         669   2.39185965E-07
         670   2.39697414E-07
         671   2.39504004E-07
         672   2.39316421E-07
         673   2.39645004E-07
         674   2.39369399E-07
         675   2.39426697E-07
         676   2.39296043E-07
         677   2.39811044E-07
         678   2.40100860E-07
         679   2.39332479E-07
         680   2.39390516E-07
         681   2.39336373E-07
         682   2.39472115E-07
         683   2.39504431E-07
         684   2.39081686E-07
         685   2.39368120E-07
         686   2.39748289E-07
         687   2.39813687E-07
         688   2.39332820E-07
         689   2.39173460E-07
         690   2.39332195E-07
         691   2.39568493E-07
         692   2.39323725E-07
         693   2.39680588E-07
         694   2.39357604E-07
         695   2.39649609E-07
         696   2.39176615E-07
         697   2.39642361E-07
         698   2.39673597E-07
         699   2.39104764E-07
         700   2.39201597E-07
         701   2.39961224E-07
         702   2.39759004E-07
         703   2.39909525E-07
         704   2.39321764E-07
         705   2.39725438E-07
         706   2.39396485E-07
         707   2.39722681E-07
         708   2.40007495E-07
         709   2.39470324E-07
         710   2.40061524E-07
         711   2.39694003E-07
         712   2.39685164E-07
         713   2.39613001E-07
         714   2.38936366E-07
         715   2.39398418E-07
         716   2.39513383E-07
         717   2.39548569E-07
         718   2.39834094E-07
         719   2.39249630E-07
         720   2.39457222E-07
         721   2.39356893E-07
         722   2.39302722E-07
         723   2.39493232E-07
         724   2.38900355E-07
         725   2.39627695E-07
         726   2.39455062E-07
         727   2.40095488E-07
         728   2.39492209E-07
         729   2.38888106E-07
         730   2.39379887E-07
         731   2.39881643E-07
         732   2.39879796E-07
         733   2.39983819E-07
         734   2.39480926E-07
         735   2.39441221E-07
         736   2.39373236E-07
         737   2.39443722E-07
         738   2.39072165E-07
         739   2.38827141E-07
         740   2.39307525E-07
         741   2.39598791E-07
         742   2.39714154E-07
         743   2.40356769E-07
         744   2.38704132E-07
         745   2.39273902E-07
         746   2.39442073E-07
         747   2.39777052E-07
         748   2.39841313E-07
         749   2.39370053E-07
         750   2.39533875E-07
         751   2.39854558E-07
         752   2.39961935E-07
         753   2.39584750E-07
         754   2.38854710E-07
         755   2.39394467E-07
         756   2.38831234E-07
         757   2.39581851E-07
         758   2.39628662E-07
         759   2.38792779E-07
         760   2.39178064E-07
         761   2.39675018E-07
         762   2.39850948E-07
         763   2.40204599E-07
         764   2.39152911E-07
         765   2.39665354E-07
         766   2.39702359E-07
         767   2.39967392E-07
         768   2.39707816E-07
         769   2.39316023E-07
         770   2.39677405E-07
         771   2.39667230E-07
         772   2.38985905E-07
         773   2.39576138E-07
         774   2.38826004E-07
         775   2.38990623E-07
         776   2.39180679E-07
         777   2.39799419E-07
         778   2.40006528E-07
         779   2.39370706E-07
         780   2.39082254E-07
         781   2.39197846E-07
         782   2.39185653E-07
         783   2.39414334E-07
         784   2.39006539E-07
         785   2.39444773E-07
         786   2.39331513E-07
         787   2.39679395E-07
         788   2.39929221E-07
         789   2.39160329E-07
         790   2.39037092E-07
         791   2.39121675E-07
         792   2.39297236E-07
         793   2.39790381E-07
         794   2.39574206E-07
         795   2.39845122E-07
         796   2.39297179E-07
         797   2.39627099E-07
         798   2.39544249E-07
         799   2.39378352E-07
         800   2.39554993E-07
         801   2.39578981E-07
         802   2.39706310E-07
         803   2.40234755E-07
         804   2.39531687E-07
         805   2.39513611E-07
         806   2.39336629E-07
         807   2.39430761E-07
         808   2.39238886E-07
         809   2.39179684E-07
         810   2.39219133E-07
         811   2.39250227E-07
         812   2.39725381E-07
         813   2.39777819E-07
         814   2.39284986E-07
         815   2.39538707E-07
         816   2.39072108E-07
         817   2.39594129E-07
         818   2.39475241E-07
         819   2.39288710E-07
         820   2.39722340E-07
         821   2.40061468E-07
         822   2.39441817E-07
         823   2.39598478E-07
         824   2.39107919E-07
         825   2.39349646E-07
         826   2.39589014E-07
         827   2.39723732E-07
         828   2.39622977E-07
         829   2.39539048E-07
         830   2.39859929E-07
         831   2.39460178E-07
         832   2.39087683E-07
         833   2.39084613E-07
         834   2.38749834E-07
         835   2.39285185E-07
         836   2.39332195E-07
         837   2.39861379E-07
         838   2.39635909E-07
         839   2.39485985E-07
         840   2.39523160E-07
         841   2.39574518E-07
         842   2.39287317E-07
         843   2.39299425E-07
         844   2.38878670E-07
         845   2.39465805E-07
         846   2.39436872E-07
         847   2.40112541E-07
         848   2.39604532E-07
         849   2.39249601E-07
         850   2.39401231E-07
         851   2.39817609E-07
         852   2.39737403E-07
         853   2.39758208E-07
         854   2.39437469E-07
         855   2.39654639E-07
         856   2.39688944E-07
         857   2.39682748E-07
         858   2.39315511E-07
         859   2.39208362E-07
         860   2.39165132E-07
         861   2.39518727E-07
         862   2.39618771E-07
         863   2.40060757E-07
         864   2.39048290E-07
         865   2.39415527E-07
         866   2.39327193E-07
         867   2.39689854E-07
         868   2.39652934E-07
         869   2.39368632E-07
         870   2.39138785E-07
         871   2.39418029E-07
         872   2.39807662E-07
         873   2.39594726E-07
         874   2.38950463E-07
         875   2.39428061E-07
         876   2.39062530E-07
         877   2.39620647E-07
         878   2.39748374E-07
         879   2.39352005E-07
         880   2.39468619E-07
         881   2.39774835E-07
         882   2.39880023E-07
         883   2.39819997E-07
         884   2.38922297E-07
         885   2.39228854E-07
         886   2.39377272E-07
         887   2.40256838E-07
         888   2.40141475E-07
         889   2.39927886E-07
         890   2.39426498E-07
         891   2.39582334E-07
         892   2.39837192E-07
         893   2.40314904E-07
         894   2.39820451E-07
         895   2.39836311E-07
         896   2.39691843E-07
         897   2.40386157E-07
         898   2.40255247E-07
         899   2.39740075E-07
         900   2.39320713E-07
         901   2.39452305E-07
         902   2.39412486E-07
         903   2.39634090E-07
         904   2.39307610E-07
         905   2.39468477E-07
         906   2.39619538E-07
         907   2.39813772E-07
         908   2.39961395E-07
         909   2.39124319E-07
         910   2.39246049E-07
         911   2.39392591E-07
         912   2.39313465E-07
         913   2.40080709E-07
         914   2.39720038E-07
         915   2.39976117E-07
         916   2.39199125E-07
         917   2.39580288E-07
         918   2.39588076E-07
         919   2.39335975E-07
         920   2.39782935E-07
         921   2.39647562E-07
         922   2.39814597E-07
         923   2.40000645E-07
         924   2.39481153E-07
         925   2.39599274E-07
         926   2.39285043E-07
         927   2.39421610E-07
         928   2.39399412E-07
         929   2.39612234E-07
         930   2.39659357E-07
         931   2.40114844E-07
         932   2.39485786E-07
         933   2.39644550E-07
         934   2.39261936E-07
         935   2.39763409E-07
         936   2.39556726E-07
         937   2.39941727E-07
         938   2.39663905E-07
         939   2.39736266E-07
         940   2.39772788E-07
         941   2.39834691E-07
         942   2.39169111E-07
         943   2.39570142E-07
         944   2.38943244E-07
         945   2.39590520E-07
         946   2.39590435E-07
         947   2.40028584E-07
         948   2.39653758E-07
         949   2.39848816E-07
         950   2.39973502E-07
         951   2.39676467E-07
         952   2.39472541E-07
         953   2.39707504E-07
         954   2.39090099E-07
         955   2.39779666E-07
         956   2.39750733E-07
         957   2.40250699E-07
         958   2.39488116E-07
         959   2.39237266E-07
         960   2.39342143E-07
         961   2.39996098E-07
         962   2.40019091E-07
         963   2.39863567E-07
         964   2.39370934E-07
         965   2.39691190E-07
         966   2.39734504E-07
         967   2.39888266E-07
         968   2.39268360E-07
         969   2.39004152E-07
         970   2.39349106E-07
         971   2.39829319E-07
         972   2.39725267E-07
         973   2.40262182E-07
         974   2.39296298E-07
         975   2.39290301E-07
         976   2.39249118E-07
         977   2.40149006E-07
         978   2.39787397E-07
         979   2.39229053E-07
         980   2.39533563E-07
         981   2.39829433E-07
         982   2.39837846E-07
         983   2.40006074E-07
         984   2.39103997E-07
         985   2.39461571E-07
         986   2.39157259E-07
         987   2.39677433E-07
         988   2.39365420E-07
         989   2.39241189E-07
         990   2.39474815E-07
         991   2.39701308E-07
         992   2.40046234E-07
         993   2.39882866E-07
         994   2.38978487E-07
         995   2.39501190E-07
         996   2.39294081E-07
         997   2.39582562E-07
         998   2.39762358E-07
         999   2.39505226E-07
        1000   2.39790523E-07
