           1  0.232348844    
           2  0.202550873    
           3  0.177385479    
           4  0.155991450    
           5  0.137686029    
           6  0.121927902    
           7  0.108285829    
           8   9.63903069E-02
           9   8.59903246E-02
          10   7.68519565E-02
          11   6.87072575E-02
          12   6.14462979E-02
          13   5.49641885E-02
          14   4.91683558E-02
          15   4.39663082E-02
          16   3.92929576E-02
          17   3.50810923E-02
          18   3.12965028E-02
          19   2.79377289E-02
          20   2.49559693E-02
          21   2.23074220E-02
          22   1.99677311E-02
          23   1.79167353E-02
          24   1.61247961E-02
          25   1.45654511E-02
          26   1.32149206E-02
          27   1.20440060E-02
          28   1.10282572E-02
          29   1.01547427E-02
          30   9.38185304E-03
          31   8.69169738E-03
          32   8.08302220E-03
          33   7.53763318E-03
          34   7.03837816E-03
          35   6.57708524E-03
          36   6.14743028E-03
          37   5.73953893E-03
          38   5.34867542E-03
          39   4.97224601E-03
          40   4.60706931E-03
          41   4.25110804E-03
          42   3.90516478E-03
          43   3.57120368E-03
          44   3.25163594E-03
          45   2.95578828E-03
          46   2.68465374E-03
          47   2.44768988E-03
          48   2.25510378E-03
          49   2.12045806E-03
          50   1.94180082E-03
          51   1.74078927E-03
          52   1.57710712E-03
          53   1.44732336E-03
          54   1.32033357E-03
          55   1.20221940E-03
          56   1.10033108E-03
          57   1.01353927E-03
          58   9.35825519E-04
          59   8.62524379E-04
          60   7.93194631E-04
          61   7.29106425E-04
          62   6.71399466E-04
          63   6.20327366E-04
          64   5.74984646E-04
          65   5.32078033E-04
          66   4.92693682E-04
          67   4.56208974E-04
          68   4.21129691E-04
          69   3.87355249E-04
          70   3.55335855E-04
          71   3.24954715E-04
          72   2.96310842E-04
          73   2.69762124E-04
          74   2.44518655E-04
          75   2.20895774E-04
          76   1.99237038E-04
          77   1.79785624E-04
          78   1.63294608E-04
          79   1.49541433E-04
          80   1.36806018E-04
          81   1.24914543E-04
          82   1.13677481E-04
          83   1.03605249E-04
          84   9.46284999E-05
          85   8.70119620E-05
          86   8.08760960E-05
          87   7.57775997E-05
          88   7.11823159E-05
          89   6.67511049E-05
          90   6.20321298E-05
          91   5.69229123E-05
          92   5.13828491E-05
          93   4.56908019E-05
          94   4.00860372E-05
          95   3.53273572E-05
          96   3.23504428E-05
          97   3.22521992E-05
          98   3.56438795E-05
          99   4.30348264E-05
         100   4.09757449E-05
         101   1.70074691E-05
         102   1.03976554E-05
         103   6.77497428E-06
         104   6.20107585E-06
         105   5.45318562E-06
         106   4.83807617E-06
         107   4.57429542E-06
         108   4.03549848E-06
         109   3.69784584E-06
         110   3.35567256E-06
         111   2.99836643E-06
         112   2.73132241E-06
         113   2.47235562E-06
         114   2.23392158E-06
         115   2.03057107E-06
         116   1.85859949E-06
         117   1.69448788E-06
         118   1.55718988E-06
         119   1.44438650E-06
         120   1.34301467E-06
         121   1.25832230E-06
         122   1.19074821E-06
         123   1.13254418E-06
         124   1.08010727E-06
         125   1.02914737E-06
         126   9.73091687E-07
         127   9.22374113E-07
         128   8.67953588E-07
         129   8.10855056E-07
         130   7.52695371E-07
         131   6.94231574E-07
         132   6.35089293E-07
         133   5.72736724E-07
         134   5.07318248E-07
         135   4.48406212E-07
         136   3.89558352E-07
         137   3.35269732E-07
         138   2.85233767E-07
         139   2.44298519E-07
         140   2.10469565E-07
         141   1.85049515E-07
         142   1.68785988E-07
         143   1.59520184E-07
         144   1.55631071E-07
         145   1.50649797E-07
         146   1.41522946E-07
         147   1.30413326E-07
         148   1.19255660E-07
         149   1.15043186E-07
         150   1.17444131E-07
         151   1.21204010E-07
         152   1.20891698E-07
         153   1.15644468E-07
         154   1.05351745E-07
         155   9.30381958E-08
         156   7.70965940E-08
         157   6.82127208E-08
         158   6.52663061E-08
         159   6.52597123E-08
         160   6.53512586E-08
         161   6.37995186E-08
         162   6.24205825E-08
         163   6.08959425E-08
         164   5.99444903E-08
         165   5.87888493E-08
         166   5.83823940E-08
         167   5.79699524E-08
         168   5.66424596E-08
         169   5.62369316E-08
         170   5.56103004E-08
         171   5.57182851E-08
         172   5.56045840E-08
         173   5.55636781E-08
         174   5.51670283E-08
         175   5.45584449E-08
         176   5.46057564E-08
         177   5.45435022E-08
         178   5.49278063E-08
         179   5.49431292E-08
         180   5.48069501E-08
         181   5.49854668E-08
         182   5.52077353E-08
         183   5.54740609E-08
         184   5.58727642E-08
         185   5.57676962E-08
         186   5.61085187E-08
         187   5.56966882E-08
         188   5.54424204E-08
         189   5.49178907E-08
         190   5.52375106E-08
         191   5.54018058E-08
         192   5.49695649E-08
         193   5.50243762E-08
         194   5.52194734E-08
         195   5.50113981E-08
         196   5.57601076E-08
         197   5.56122330E-08
         198   5.54697905E-08
         199   5.54342243E-08
         200   5.49281474E-08
         201   5.51263355E-08
         202   5.47266410E-08
         203   5.49992549E-08
         204   5.50072699E-08
         205   5.45658629E-08
         206   5.48385124E-08
         207   5.49914283E-08
         208   5.52981554E-08
         209   5.51318315E-08
         210   5.52133734E-08
         211   5.50472876E-08
         212   5.46362067E-08
         213   5.48177397E-08
         214   5.50261170E-08
         215   5.51586794E-08
         216   5.49212871E-08
         217   5.47808021E-08
         218   5.48022996E-08
         219   5.52529613E-08
         220   5.52466695E-08
         221   5.51079573E-08
         222   5.51209034E-08
         223   5.49116344E-08
         224   5.48983010E-08
         225   5.49359243E-08
         226   5.47567751E-08
         227   5.48140022E-08
         228   5.48460690E-08
         229   5.49027774E-08
         230   5.46206032E-08
         231   5.51859642E-08
         232   5.54862503E-08
         233   5.48920625E-08
         234   5.46456960E-08
         235   5.45307941E-08
         236   5.48846586E-08
         237   5.46227170E-08
         238   5.46912737E-08
         239   5.47508243E-08
         240   5.44100587E-08
         241   5.47951480E-08
         242   5.47057368E-08
         243   5.49068204E-08
         244   5.50602692E-08
         245   5.51031327E-08
         246   5.50907231E-08
         247   5.48159136E-08
         248   5.42297869E-08
         249   5.45222711E-08
         250   5.46147412E-08
         251   5.50437953E-08
         252   5.48654455E-08
         253   5.45432144E-08
         254   5.45542314E-08
         255   5.49245911E-08
         256   5.53801840E-08
         257   5.51056836E-08
         258   5.52656942E-08
         259   5.48030350E-08
         260   5.50750237E-08
         261   5.46775496E-08
         262   5.45359491E-08
         263   5.48380328E-08
         264   5.48790169E-08
         265   5.47853496E-08
         266   5.46879022E-08
         267   5.50925563E-08
         268   5.49724106E-08
         269   5.53576136E-08
         270   5.54821042E-08
         271   5.52522899E-08
         272   5.49957129E-08
         273   5.44024985E-08
         274   5.46226069E-08
         275   5.48720713E-08
         276   5.46537962E-08
         277   5.46090675E-08
         278   5.47629391E-08
         279   5.49785462E-08
         280   5.54241453E-08
         281   5.53661472E-08
         282   5.48851311E-08
         283   5.48930110E-08
         284   5.50832375E-08
         285   5.48239392E-08
         286   5.46767751E-08
         287   5.48421895E-08
         288   5.49591199E-08
         289   5.47805001E-08
         290   5.42160059E-08
         291   5.49547927E-08
         292   5.54272468E-08
         293   5.53354020E-08
         294   5.55570878E-08
         295   5.53788091E-08
         296   5.50121975E-08
         297   5.49422232E-08
         298   5.51053461E-08
         299   5.55573827E-08
         300   5.52131176E-08
         301   5.51247759E-08
         302   5.48201733E-08
         303   5.49989956E-08
         304   5.50856960E-08
         305   5.51243637E-08
         306   5.55285560E-08
         307   5.52391057E-08
         308   5.51454917E-08
         309   5.49889592E-08
         310   5.51480284E-08
         311   5.55253727E-08
         312   5.54448469E-08
         313   5.52881119E-08
         314   5.50787718E-08
         315   5.50704051E-08
         316   5.51534853E-08
         317   5.53996102E-08
         318   5.53090302E-08
         319   5.54396458E-08
         320   5.52698260E-08
         321   5.54614452E-08
         322   5.50953878E-08
         323   5.54007613E-08
         324   5.53182105E-08
         325   5.49092647E-08
         326   5.50718227E-08
         327   5.52505171E-08
         328   5.54777664E-08
         329   5.50125563E-08
         330   5.53832855E-08
         331   5.52954376E-08
         332   5.53778818E-08
         333   5.50636798E-08
         334   5.52715740E-08
         335   5.52318191E-08
         336   5.50365762E-08
         337   5.50023742E-08
         338   5.47256995E-08
         339   5.51481314E-08
         340   5.54112027E-08
         341   5.55638664E-08
         342   5.53461348E-08
         343   5.50519133E-08
         344   5.53300588E-08
         345   5.49320482E-08
         346   5.50622090E-08
         347   5.52780257E-08
         348   5.56132456E-08
         349   5.51984485E-08
         350   5.51993331E-08
         351   5.56303981E-08
         352   5.53165691E-08
         353   5.53910340E-08
         354   5.57939650E-08
         355   5.58544890E-08
         356   5.57876554E-08
         357   5.51670212E-08
         358   5.52739081E-08
         359   5.53361659E-08
         360   5.50370203E-08
         361   5.51583987E-08
         362   5.51008199E-08
         363   5.49642571E-08
         364   5.54089112E-08
         365   5.56120625E-08
         366   5.54523574E-08
         367   5.56401965E-08
         368   5.56897248E-08
         369   5.50843318E-08
         370   5.48500232E-08
         371   5.53814203E-08
         372   5.50909043E-08
         373   5.48291794E-08
         374   5.46493908E-08
         375   5.48190116E-08
         376   5.53513964E-08
         377   5.47675967E-08
         378   5.49564376E-08
         379   5.48499166E-08
         380   5.49341088E-08
         381   5.49469696E-08
         382   5.50063319E-08
         383   5.51762582E-08
         384   5.49643673E-08
         385   5.46424879E-08
         386   5.50647385E-08
         387   5.49718564E-08
         388   5.50794717E-08
         389   5.54947412E-08
         390   5.50663799E-08
         391   5.50509540E-08
         392   5.51637278E-08
         393   5.50490178E-08
         394   5.48255912E-08
         395   5.49952972E-08
         396   5.52657369E-08
         397   5.50530004E-08
         398   5.50291581E-08
         399   5.50879271E-08
         400   5.54590365E-08
         401   5.50788748E-08
         402   5.49430581E-08
         403   5.45996883E-08
         404   5.47296750E-08
         405   5.44630865E-08
         406   5.49414274E-08
         407   5.50404984E-08
         408   5.48427508E-08
         409   5.49437900E-08
         410   5.47920145E-08
         411   5.52750059E-08
         412   5.51049979E-08
         413   5.50091777E-08
         414   5.49324355E-08
         415   5.47651808E-08
         416   5.46632712E-08
         417   5.48372583E-08
         418   5.51679022E-08
         419   5.57936062E-08
         420   5.56565602E-08
         421   5.55697568E-08
         422   5.51877832E-08
         423   5.53951160E-08
         424   5.57286270E-08
         425   5.55144553E-08
         426   5.55212232E-08
         427   5.50910144E-08
         428   5.51860424E-08
         429   5.49383863E-08
         430   5.48403740E-08
         431   5.53807915E-08
         432   5.51122596E-08
         433   5.49480674E-08
         434   5.46674279E-08
         435   5.48759296E-08
         436   5.56285258E-08
         437   5.54494122E-08
         438   5.56684867E-08
         439   5.56247564E-08
         440   5.51348442E-08
         441   5.49509771E-08
         442   5.51901174E-08
         443   5.50686181E-08
         444   5.47654864E-08
         445   5.51353310E-08
         446   5.49343895E-08
         447   5.51901529E-08
         448   5.56879840E-08
         449   5.58186990E-08
         450   5.53558621E-08
         451   5.52775923E-08
         452   5.54481439E-08
         453   5.50169901E-08
         454   5.48976722E-08
         455   5.48527659E-08
         456   5.52699504E-08
         457   5.53208395E-08
         458   5.51878010E-08
         459   5.53058896E-08
         460   5.55037509E-08
         461   5.58021434E-08
         462   5.54558284E-08
         463   5.52155228E-08
         464   5.46310659E-08
         465   5.47559686E-08
         466   5.50302381E-08
         467   5.53786563E-08
         468   5.48667245E-08
         469   5.46900196E-08
         470   5.49529879E-08
         471   5.51864474E-08
         472   5.50330519E-08
         473   5.54432411E-08
         474   5.56604576E-08
         475   5.53931869E-08
         476   5.53419071E-08
         477   5.52937820E-08
         478   5.52142652E-08
         479   5.54487514E-08
         480   5.50207098E-08
         481   5.49686163E-08
         482   5.47065149E-08
         483   5.49638095E-08
         484   5.52474262E-08
         485   5.50675736E-08
         486   5.48061259E-08
         487   5.47252483E-08
         488   5.47473427E-08
         489   5.45179084E-08
         490   5.51615287E-08
         491   5.54805588E-08
         492   5.52684511E-08
         493   5.49907107E-08
         494   5.49022943E-08
         495   5.50606352E-08
         496   5.54701209E-08
         497   5.52447439E-08
         498   5.53469803E-08
         499   5.49252874E-08
         500   5.44546772E-08
         501   5.51709576E-08
         502   5.53092043E-08
         503   5.55664776E-08
         504   5.54141124E-08
         505   5.53293589E-08
         506   5.50767716E-08
         507   5.53267760E-08
         508   5.56563720E-08
         509   5.54114301E-08
         510   5.54728956E-08
         511   5.55178943E-08
         512   5.51242607E-08
         513   5.49999726E-08
         514   5.48185319E-08
         515   5.51202355E-08
         516   5.53036585E-08
         517   5.51632695E-08
         518   5.49237100E-08
         519   5.52105845E-08
         520   5.53544055E-08
         521   5.54147981E-08
         522   5.55954784E-08
         523   5.53216175E-08
         524   5.52070922E-08
         525   5.48802888E-08
         526   5.50800543E-08
         527   5.51530803E-08
         528   5.48721601E-08
         529   5.49350005E-08
         530   5.50729737E-08
         531   5.50857884E-08
         532   5.52490604E-08
         533   5.51602461E-08
         534   5.48497709E-08
         535   5.48514798E-08
         536   5.48832801E-08
         537   5.49020243E-08
         538   5.49894921E-08
         539   5.51653052E-08
         540   5.50869395E-08
         541   5.47606014E-08
         542   5.45927392E-08
         543   5.48581838E-08
         544   5.54804735E-08
         545   5.49687158E-08
         546   5.53660371E-08
         547   5.50041221E-08
         548   5.47373595E-08
         549   5.48296661E-08
         550   5.50860690E-08
         551   5.52924995E-08
         552   5.49614398E-08
         553   5.49738388E-08
         554   5.50679253E-08
         555   5.53459572E-08
         556   5.51365176E-08
         557   5.52441257E-08
         558   5.54136470E-08
         559   5.53646586E-08
         560   5.51657564E-08
         561   5.49675434E-08
         562   5.51326842E-08
         563   5.55037296E-08
         564   5.53989672E-08
         565   5.52331443E-08
         566   5.50399974E-08
         567   5.51312809E-08
         568   5.51929489E-08
         569   5.52001893E-08
         570   5.49154073E-08
         571   5.50913200E-08
         572   5.51171802E-08
         573   5.48198891E-08
         574   5.52961197E-08
         575   5.55689823E-08
         576   5.52882362E-08
         577   5.50505597E-08
         578   5.51472539E-08
         579   5.55248540E-08
         580   5.55590063E-08
         581   5.55911974E-08
         582   5.56783704E-08
         583   5.58260744E-08
         584   5.54993633E-08
         585   5.52312756E-08
         586   5.51738353E-08
         587   5.52867974E-08
         588   5.51740840E-08
         589   5.48432411E-08
         590   5.44789884E-08
         591   5.46894334E-08
         592   5.52860442E-08
         593   5.57389939E-08
         594   5.54803528E-08
         595   5.48958070E-08
         596   5.52303661E-08
         597   5.46121441E-08
         598   5.48070744E-08
         599   5.53444046E-08
         600   5.55230812E-08
         601   5.52522685E-08
         602   5.51716681E-08
         603   5.51117623E-08
         604   5.50898562E-08
         605   5.51485506E-08
         606   5.49633832E-08
         607   5.46642269E-08
         608   5.45412711E-08
         609   5.42811875E-08
         610   5.46216405E-08
         611   5.53038859E-08
         612   5.49563346E-08
         613   5.50590116E-08
         614   5.51302044E-08
         615   5.52933308E-08
         616   5.54311086E-08
         617   5.50766650E-08
         618   5.49743504E-08
         619   5.47792283E-08
         620   5.51648185E-08
         621   5.54231505E-08
         622   5.50100445E-08
         623   5.51420278E-08
         624   5.48837917E-08
         625   5.46739471E-08
         626   5.45186865E-08
         627   5.49194930E-08
         628   5.52900232E-08
         629   5.49757679E-08
         630   5.50072237E-08
         631   5.49971588E-08
         632   5.45938512E-08
         633   5.43490799E-08
         634   5.44740750E-08
         635   5.49996777E-08
         636   5.47606334E-08
         637   5.46653887E-08
         638   5.48322987E-08
         639   5.51557839E-08
         640   5.51986865E-08
         641   5.51137234E-08
         642   5.54321034E-08
         643   5.48411059E-08
         644   5.49591270E-08
         645   5.49133645E-08
         646   5.49479040E-08
         647   5.51076091E-08
         648   5.50391128E-08
         649   5.51160184E-08
         650   5.47030368E-08
         651   5.49310499E-08
         652   5.52605428E-08
         653   5.50066588E-08
         654   5.48190293E-08
         655   5.48729382E-08
         656   5.50487087E-08
         657   5.48023351E-08
         658   5.50160983E-08
         659   5.50641808E-08
         660   5.46248806E-08
         661   5.46364802E-08
         662   5.48387682E-08
         663   5.53133752E-08
         664   5.54903785E-08
         665   5.52453265E-08
         666   5.56018023E-08
         667   5.50764767E-08
         668   5.47753558E-08
         669   5.48532348E-08
         670   5.51609602E-08
         671   5.53277566E-08
         672   5.53847137E-08
         673   5.52306680E-08
         674   5.47869519E-08
         675   5.51629959E-08
         676   5.56932171E-08
         677   5.56064528E-08
         678   5.51796759E-08
         679   5.54492416E-08
         680   5.50874155E-08
         681   5.50670798E-08
         682   5.46611538E-08
         683   5.49695365E-08
         684   5.50324444E-08
         685   5.46441647E-08
         686   5.49878401E-08
         687   5.49994965E-08
         688   5.50859873E-08
         689   5.49829267E-08
         690   5.53103803E-08
         691   5.53676855E-08
         692   5.50359509E-08
         693   5.48788393E-08
         694   5.49965833E-08
         695   5.51659305E-08
         696   5.47987433E-08
         697   5.50397381E-08
         698   5.49541888E-08
         699   5.53408270E-08
         700   5.54074440E-08
         701   5.54871669E-08
         702   5.52251329E-08
         703   5.49846497E-08
         704   5.49461419E-08
         705   5.48377237E-08
         706   5.47964305E-08
         707   5.50940520E-08
         708   5.47951515E-08
         709   5.46851631E-08
         710   5.44902470E-08
         711   5.50537997E-08
         712   5.54317943E-08
         713   5.52647954E-08
         714   5.51662964E-08
         715   5.49266552E-08
         716   5.50449464E-08
         717   5.47756542E-08
         718   5.50137464E-08
         719   5.53590453E-08
         720   5.48687531E-08
         721   5.48014434E-08
         722   5.46856604E-08
         723   5.47753665E-08
         724   5.47967218E-08
         725   5.47555139E-08
         726   5.51884796E-08
         727   5.46387433E-08
         728   5.50522437E-08
         729   5.50332260E-08
         730   5.49870549E-08
         731   5.56374786E-08
         732   5.55223352E-08
         733   5.52940591E-08
         734   5.47719665E-08
         735   5.49855308E-08
         736   5.55011255E-08
         737   5.52321318E-08
         738   5.49181323E-08
         739   5.48754642E-08
         740   5.48431522E-08
         741   5.45699912E-08
         742   5.48892167E-08
         743   5.51375834E-08
         744   5.49708439E-08
         745   5.49981252E-08
         746   5.49410686E-08
         747   5.52967983E-08
         748   5.51508954E-08
         749   5.50051311E-08
         750   5.47880710E-08
         751   5.48484671E-08
         752   5.45875380E-08
         753   5.48911032E-08
         754   5.50097390E-08
         755   5.52078596E-08
         756   5.50500978E-08
         757   5.49477797E-08
         758   5.46953629E-08
         759   5.50155654E-08
         760   5.54120341E-08
         761   5.52860762E-08
         762   5.51380666E-08
         763   5.49452714E-08
         764   5.49701618E-08
         765   5.46518280E-08
         766   5.46072165E-08
         767   5.51858648E-08
         768   5.48916290E-08
         769   5.48292718E-08
         770   5.47397576E-08
         771   5.53851542E-08
         772   5.52827224E-08
         773   5.53846604E-08
         774   5.52986172E-08
         775   5.52582193E-08
         776   5.52637296E-08
         777   5.50025199E-08
         778   5.49311849E-08
         779   5.50141408E-08
         780   5.44732757E-08
         781   5.44339258E-08
         782   5.46424097E-08
         783   5.47690817E-08
         784   5.51942705E-08
         785   5.51741373E-08
         786   5.53054207E-08
         787   5.51244703E-08
         788   5.52584822E-08
         789   5.49294477E-08
         790   5.52862573E-08
         791   5.52976793E-08
         792   5.49726202E-08
         793   5.46445058E-08
         794   5.40556009E-08
         795   5.46786794E-08
         796   5.53174395E-08
         797   5.51324177E-08
         798   5.53446888E-08
         799   5.49198447E-08
         800   5.48409886E-08
         801   5.50109434E-08
         802   5.52116610E-08
         803   5.53874671E-08
         804   5.49864509E-08
         805   5.47231025E-08
         806   5.49520394E-08
         807   5.48914478E-08
         808   5.50875470E-08
         809   5.50876287E-08
         810   5.53044579E-08
         811   5.50883250E-08
         812   5.52584076E-08
         813   5.50205996E-08
         814   5.51958550E-08
         815   5.54058737E-08
         816   5.54436923E-08
         817   5.51691848E-08
         818   5.52204646E-08
         819   5.51343575E-08
         820   5.52682984E-08
         821   5.51770292E-08
         822   5.48469430E-08
         823   5.48530430E-08
         824   5.53060033E-08
         825   5.50289485E-08
         826   5.55102098E-08
         827   5.55038007E-08
         828   5.51648220E-08
         829   5.47178516E-08
         830   5.51626798E-08
         831   5.53808590E-08
         832   5.56774111E-08
         833   5.52038983E-08
         834   5.51087780E-08
         835   5.47939969E-08
         836   5.50755246E-08
         837   5.49548247E-08
         838   5.51938975E-08
         839   5.52896005E-08
         840   5.51153292E-08
         841   5.52209478E-08
         842   5.50755956E-08
         843   5.52884281E-08
         844   5.58583793E-08
         845   5.57542315E-08
         846   5.54159953E-08
         847   5.51163417E-08
         848   5.50890604E-08
         849   5.49307231E-08
         850   5.45185017E-08
         851   5.49384893E-08
         852   5.47585053E-08
         853   5.44651400E-08
         854   5.44598144E-08
         855   5.46725936E-08
         856   5.52781039E-08
         857   5.52072166E-08
         858   5.52003421E-08
         859   5.50979991E-08
         860   5.50698829E-08
         861   5.48804664E-08
         862   5.51557626E-08
         863   5.52972530E-08
         864   5.46914301E-08
         865   5.47990346E-08
         866   5.48278898E-08
         867   5.49684884E-08
         868   5.53495312E-08
         869   5.53158799E-08
         870   5.53970487E-08
         871   5.52401787E-08
         872   5.54778978E-08
         873   5.53747341E-08
         874   5.50171073E-08
         875   5.52060833E-08
         876   5.54560202E-08
         877   5.49127179E-08
         878   5.46985710E-08
         879   5.51623884E-08
         880   5.53478863E-08
         881   5.54451240E-08
         882   5.53955566E-08
         883   5.54154695E-08
         884   5.51804185E-08
         885   5.51644206E-08
         886   5.55270852E-08
         887   5.56565638E-08
         888   5.50813688E-08
         889   5.49650245E-08
         890   5.49372956E-08
         891   5.52583010E-08
         892   5.52232038E-08
         893   5.55285595E-08
         894   5.56577149E-08
         895   5.51610277E-08
         896   5.53582460E-08
         897   5.51599619E-08
         898   5.46937002E-08
         899   5.51117516E-08
         900   5.52035893E-08
         901   5.48448504E-08
         902   5.46315668E-08
         903   5.47106573E-08
         904   5.50655166E-08
         905   5.48584680E-08
         906   5.48628734E-08
         907   5.49680372E-08
         908   5.50709700E-08
         909   5.48443104E-08
         910   5.51521211E-08
         911   5.52876998E-08
         912   5.48437420E-08
         913   5.45790719E-08
         914   5.47236283E-08
         915   5.51751000E-08
         916   5.54337412E-08
         917   5.53983348E-08
         918   5.54117143E-08
         919   5.51451542E-08
         920   5.47609176E-08
         921   5.49725563E-08
         922   5.47399601E-08
         923   5.47091297E-08
         924   5.46208661E-08
         925   5.45983561E-08
         926   5.47285204E-08
         927   5.51454100E-08
         928   5.53421557E-08
         929   5.51951622E-08
         930   5.52316450E-08
         931   5.50854757E-08
         932   5.51712098E-08
         933   5.48137784E-08
         934   5.49384893E-08
         935   5.50035395E-08
         936   5.53543913E-08
         937   5.50114834E-08
         938   5.48734853E-08
         939   5.49024755E-08
         940   5.52497497E-08
         941   5.55634863E-08
         942   5.52666251E-08
         943   5.50482433E-08
         944   5.46510464E-08
         945   5.43651524E-08
         946   5.45048167E-08
         947   5.49320767E-08
         948   5.47254473E-08
         949   5.46893446E-08
         950   5.47902061E-08
         951   5.51991768E-08
         952   5.56468756E-08
         953   5.52787753E-08
         954   5.52033192E-08
         955   5.50017134E-08
         956   5.47570664E-08
         957   5.48188375E-08
         958   5.47786954E-08
         959   5.49058399E-08
         960   5.48349171E-08
         961   5.46095507E-08
         962   5.42490177E-08
         963   5.50168444E-08
         964   5.52291262E-08
         965   5.51317605E-08
         966   5.51465078E-08
         967   5.47976740E-08
         968   5.46770416E-08
         969   5.46628662E-08
         970   5.48818555E-08
         971   5.54021291E-08
         972   5.51229178E-08
         973   5.48069785E-08
         974   5.48211467E-08
         975   5.48169758E-08
         976   5.52541479E-08
         977   5.52682202E-08
         978   5.52972850E-08
         979   5.47190275E-08
         980   5.46630829E-08
         981   5.48479449E-08
         982   5.47851045E-08
         983   5.49599299E-08
         984   5.48424666E-08
         985   5.48637331E-08
         986   5.47809229E-08
         987   5.51529276E-08
         988   5.55308901E-08
         989   5.55244206E-08
         990   5.51003545E-08
         991   5.50441683E-08
         992   5.50525101E-08
         993   5.46867263E-08
         994   5.48136612E-08
         995   5.49601253E-08
         996   5.49963879E-08
         997   5.47585124E-08
         998   5.49923058E-08
         999   5.53561463E-08
        1000   5.51820740E-08
